# Average number of pkts in the system as a function of time t
# Parameters for this plot
# lambda = 0.800000 mu = 1.000000 h = 0.100000 x0 = 0.000000
#
# time 		Avg-number-of-pkts
0.000000		0.0000000
0.000000		0.0787654
0.100000		0.1504886
0.200000		0.2166118
0.300000		0.2781411
0.400000		0.3358114
0.500000		0.3901801
0.600000		0.4416815
0.700000		0.4906622
0.800000		0.5374041
0.900000		0.5821402
1.000000		0.6250657
1.100000		0.6663461
1.200000		0.7061231
1.300000		0.7445193
1.400000		0.7816416
1.500000		0.8175837
1.600000		0.8524285
1.700000		0.8862496
1.800000		0.9191128
1.900000		0.9510773
2.000000		0.9821964
2.100000		1.0125183
2.200000		1.0420869
2.300000		1.0709422
2.400000		1.0991210
2.500000		1.1266568
2.600000		1.1535806
2.700000		1.1799211
2.800000		1.2057046
2.900000		1.2309558
3.000000		1.2556974
3.100000		1.2799508
3.200000		1.3037356
3.300000		1.3270706
3.400000		1.3499731
3.500000		1.3724594
3.600000		1.3945447
3.700000		1.4162436
3.800000		1.4375697
3.900000		1.4585357
4.000000		1.4791538
4.100000		1.4994354
4.200000		1.5193915
4.300000		1.5390323
4.400000		1.5583676
4.500000		1.5774068
4.600000		1.5961587
4.700000		1.6146317
4.800000		1.6328338
4.900000		1.6507727
5.000000		1.6684558
5.100000		1.6858901
5.200000		1.7030821
5.300000		1.7200384
5.400000		1.7367650
5.500000		1.7532679
5.600000		1.7695527
5.700000		1.7856249
5.800000		1.8014895
5.900000		1.8171517
6.000000		1.8326161
6.100000		1.8478876
6.200000		1.8629704
6.300000		1.8778690
6.400000		1.8925874
6.500000		1.9071296
6.600000		1.9214996
6.700000		1.9357009
6.800000		1.9497373
6.900000		1.9636121
7.000000		1.9773287
7.100000		1.9908905
7.200000		2.0043004
7.300000		2.0175616
7.400000		2.0306770
7.500000		2.0436494
7.600000		2.0564817
7.700000		2.0691765
7.800000		2.0817363
7.900000		2.0941638
8.000000		2.1064614
8.100000		2.1186313
8.200000		2.1306761
8.300000		2.1425979
8.400000		2.1543988
8.500000		2.1660810
8.600000		2.1776466
8.700000		2.1890976
8.800000		2.2004359
8.900000		2.2116634
9.000000		2.2227820
9.100000		2.2337934
9.200000		2.2446995
9.300000		2.2555019
9.400000		2.2662024
9.500000		2.2768024
9.600000		2.2873037
9.700000		2.2977077
9.800000		2.3080161
9.900000		2.3182301
10.000000		2.3283514
10.100000		2.3383812
10.200000		2.3483210
10.300000		2.3581721
10.400000		2.3679358
10.500000		2.3776134
10.600000		2.3872061
10.700000		2.3967152
10.800000		2.4061418
10.900000		2.4154871
11.000000		2.4247523
11.100000		2.4339384
11.200000		2.4430466
11.300000		2.4520780
11.400000		2.4610336
11.500000		2.4699143
11.600000		2.4787213
11.700000		2.4874555
11.800000		2.4961178
11.900000		2.5047093
12.000000		2.5132308
12.100000		2.5216832
12.200000		2.5300674
12.300000		2.5383844
12.400000		2.5466349
12.500000		2.5548198
12.600000		2.5629399
12.700000		2.5709961
12.800000		2.5789890
12.900000		2.5869196
13.000000		2.5947885
13.100000		2.6025965
13.200000		2.6103443
13.300000		2.6180326
13.400000		2.6256623
13.500000		2.6332338
13.600000		2.6407481
13.700000		2.6482056
13.800000		2.6556070
13.900000		2.6629531
14.000000		2.6702445
14.100000		2.6774816
14.200000		2.6846653
14.300000		2.6917961
14.400000		2.6988745
14.500000		2.7059012
14.600000		2.7128767
14.700000		2.7198017
14.800000		2.7266766
14.900000		2.7335019
15.000000		2.7402783
15.100000		2.7470063
15.200000		2.7536863
15.300000		2.7603190
15.400000		2.7669047
15.500000		2.7734440
15.600000		2.7799374
15.700000		2.7863854
15.800000		2.7927883
15.900000		2.7991468
16.000000		2.8054612
16.100000		2.8117320
16.200000		2.8179597
16.300000		2.8241446
16.400000		2.8302873
16.500000		2.8363880
16.600000		2.8424474
16.700000		2.8484657
16.800000		2.8544433
16.900000		2.8603807
17.000000		2.8662783
17.100000		2.8721365
17.200000		2.8779555
17.300000		2.8837359
17.400000		2.8894780
17.500000		2.8951821
17.600000		2.9008486
17.700000		2.9064779
17.800000		2.9120703
17.900000		2.9176261
18.000000		2.9231458
18.100000		2.9286296
18.200000		2.9340779
18.300000		2.9394910
18.400000		2.9448692
18.500000		2.9502129
18.600000		2.9555223
18.700000		2.9607978
18.800000		2.9660397
18.900000		2.9712482
19.000000		2.9764238
19.100000		2.9815666
19.200000		2.9866769
19.300000		2.9917552
19.400000		2.9968015
19.500000		3.0018163
19.600000		3.0067998
19.700000		3.0117522
19.800000		3.0166739
19.900000		3.0215650
20.000000		3.0264260
20.100000		3.0312569
20.200000		3.0360582
20.300000		3.0408299
20.400000		3.0455725
20.500000		3.0502861
20.600000		3.0549709
20.700000		3.0596273
20.800000		3.0642554
20.900000		3.0688555
21.000000		3.0734278
21.100000		3.0779726
21.200000		3.0824901
21.300000		3.0869805
21.400000		3.0914439
21.500000		3.0958808
21.600000		3.1002912
21.700000		3.1046753
21.800000		3.1090335
21.900000		3.1133658
22.000000		3.1176726
22.100000		3.1219539
22.200000		3.1262101
22.300000		3.1304413
22.400000		3.1346477
22.500000		3.1388294
22.600000		3.1429868
22.700000		3.1471200
22.800000		3.1512291
22.900000		3.1553144
23.000000		3.1593761
23.100000		3.1634142
23.200000		3.1674291
23.300000		3.1714209
23.400000		3.1753897
23.500000		3.1793358
23.600000		3.1832593
23.700000		3.1871604
23.800000		3.1910393
23.900000		3.1948960
24.000000		3.1987309
24.100000		3.2025440
24.200000		3.2063356
24.300000		3.2101057
24.400000		3.2138545
24.500000		3.2175823
24.600000		3.2212890
24.700000		3.2249750
24.800000		3.2286404
24.900000		3.2322853
25.000000		3.2359098
25.100000		3.2395141
25.200000		3.2430984
25.300000		3.2466628
25.400000		3.2502074
25.500000		3.2537324
25.600000		3.2572380
25.700000		3.2607242
25.800000		3.2641912
25.900000		3.2676391
26.000000		3.2710681
26.100000		3.2744784
26.200000		3.2778699
26.300000		3.2812430
26.400000		3.2845976
26.500000		3.2879340
26.600000		3.2912523
26.700000		3.2945525
26.800000		3.2978349
26.900000		3.3010994
27.000000		3.3043464
27.100000		3.3075758
27.200000		3.3107878
27.300000		3.3139826
27.400000		3.3171602
27.500000		3.3203207
27.600000		3.3234643
27.700000		3.3265912
27.800000		3.3297013
27.900000		3.3327948
28.000000		3.3358719
28.100000		3.3389326
28.200000		3.3419770
28.300000		3.3450053
28.400000		3.3480176
28.500000		3.3510139
28.600000		3.3539945
28.700000		3.3569593
28.800000		3.3599085
28.900000		3.3628421
29.000000		3.3657604
29.100000		3.3686634
29.200000		3.3715512
29.300000		3.3744239
29.400000		3.3772815
29.500000		3.3801243
29.600000		3.3829522
29.700000		3.3857654
29.800000		3.3885641
29.900000		3.3913481
30.000000		3.3941178
30.100000		3.3968731
30.200000		3.3996142
30.300000		3.4023411
30.400000		3.4050540
30.500000		3.4077528
30.600000		3.4104378
30.700000		3.4131090
30.800000		3.4157665
30.900000		3.4184104
31.000000		3.4210407
31.100000		3.4236576
31.200000		3.4262611
31.300000		3.4288513
31.400000		3.4314284
31.500000		3.4339923
31.600000		3.4365431
31.700000		3.4390811
31.800000		3.4416061
31.900000		3.4441184
32.000000		3.4466179
32.100000		3.4491048
32.200000		3.4515792
32.300000		3.4540410
32.400000		3.4564905
32.500000		3.4589276
32.600000		3.4613525
32.700000		3.4637652
32.800000		3.4661658
32.900000		3.4685544
33.000000		3.4709310
33.100000		3.4732957
33.200000		3.4756487
33.300000		3.4779898
33.400000		3.4803194
33.500000		3.4826373
33.600000		3.4849437
33.700000		3.4872386
33.800000		3.4895221
33.900000		3.4917943
34.000000		3.4940553
34.100000		3.4963050
34.200000		3.4985437
34.300000		3.5007712
34.400000		3.5029878
34.500000		3.5051935
34.600000		3.5073883
34.700000		3.5095723
34.800000		3.5117456
34.900000		3.5139082
35.000000		3.5160602
35.100000		3.5182016
35.200000		3.5203326
35.300000		3.5224531
35.400000		3.5245633
35.500000		3.5266631
35.600000		3.5287528
35.700000		3.5308322
35.800000		3.5329015
35.900000		3.5349608
36.000000		3.5370100
36.100000		3.5390493
36.200000		3.5410787
36.300000		3.5430983
36.400000		3.5451081
36.500000		3.5471082
36.600000		3.5490985
36.700000		3.5510793
36.800000		3.5530506
36.900000		3.5550123
37.000000		3.5569645
37.100000		3.5589074
37.200000		3.5608409
37.300000		3.5627652
37.400000		3.5646802
37.500000		3.5665860
37.600000		3.5684827
37.700000		3.5703703
37.800000		3.5722488
37.900000		3.5741184
38.000000		3.5759791
38.100000		3.5778308
38.200000		3.5796738
38.300000		3.5815079
38.400000		3.5833334
38.500000		3.5851501
38.600000		3.5869582
38.700000		3.5887577
38.800000		3.5905487
38.900000		3.5923312
39.000000		3.5941052
39.100000		3.5958708
39.200000		3.5976281
39.300000		3.5993771
39.400000		3.6011178
39.500000		3.6028503
39.600000		3.6045746
39.700000		3.6062908
39.800000		3.6079989
39.900000		3.6096989
40.000000		3.6113910
40.100000		3.6130751
40.200000		3.6147513
40.300000		3.6164196
40.400000		3.6180801
40.500000		3.6197329
40.600000		3.6213779
40.700000		3.6230151
40.800000		3.6246448
40.900000		3.6262668
41.000000		3.6278812
41.100000		3.6294881
41.200000		3.6310876
41.300000		3.6326795
41.400000		3.6342641
41.500000		3.6358412
41.600000		3.6374111
41.700000		3.6389736
41.800000		3.6405289
41.900000		3.6420770
42.000000		3.6436179
42.100000		3.6451516
42.200000		3.6466783
42.300000		3.6481978
42.400000		3.6497104
42.500000		3.6512159
42.600000		3.6527145
42.700000		3.6542062
42.800000		3.6556910
42.900000		3.6571690
43.000000		3.6586401
43.100000		3.6601045
43.200000		3.6615621
43.300000		3.6630130
43.400000		3.6644573
43.500000		3.6658949
43.600000		3.6673259
43.700000		3.6687504
43.800000		3.6701683
43.900000		3.6715797
44.000000		3.6729847
44.100000		3.6743832
44.200000		3.6757754
44.300000		3.6771611
44.400000		3.6785406
44.500000		3.6799137
44.600000		3.6812806
44.700000		3.6826412
44.800000		3.6839957
44.900000		3.6853439
45.000000		3.6866861
45.100000		3.6880221
45.200000		3.6893520
45.300000		3.6906759
45.400000		3.6919938
45.500000		3.6933057
45.600000		3.6946117
45.700000		3.6959117
45.800000		3.6972059
45.900000		3.6984941
46.000000		3.6997766
46.100000		3.7010532
46.200000		3.7023241
46.300000		3.7035892
46.400000		3.7048486
46.500000		3.7061024
46.600000		3.7073504
46.700000		3.7085929
46.800000		3.7098297
46.900000		3.7110610
47.000000		3.7122867
47.100000		3.7135069
47.200000		3.7147216
47.300000		3.7159309
47.400000		3.7171347
47.500000		3.7183331
47.600000		3.7195261
47.700000		3.7207138
47.800000		3.7218962
47.900000		3.7230732
48.000000		3.7242450
48.100000		3.7254115
48.200000		3.7265728
48.300000		3.7277289
48.400000		3.7288799
48.500000		3.7300257
48.600000		3.7311664
48.700000		3.7323020
48.800000		3.7334325
48.900000		3.7345580
49.000000		3.7356784
49.100000		3.7367939
49.200000		3.7379044
49.300000		3.7390100
49.400000		3.7401106
49.500000		3.7412063
49.600000		3.7422972
49.700000		3.7433832
49.800000		3.7444644
49.900000		3.7455408
50.000000		3.7466124
50.100000		3.7476793
50.200000		3.7487414
50.300000		3.7497989
50.400000		3.7508516
50.500000		3.7518997
50.600000		3.7529432
50.700000		3.7539820
50.800000		3.7550162
50.900000		3.7560459
51.000000		3.7570710
51.100000		3.7580916
51.200000		3.7591077
51.300000		3.7601193
51.400000		3.7611264
51.500000		3.7621291
51.600000		3.7631274
51.700000		3.7641212
51.800000		3.7651107
51.900000		3.7660959
52.000000		3.7670767
52.100000		3.7680532
52.200000		3.7690254
52.300000		3.7699933
52.400000		3.7709570
52.500000		3.7719165
52.600000		3.7728717
52.700000		3.7738228
52.800000		3.7747697
52.900000		3.7757124
53.000000		3.7766510
53.100000		3.7775855
53.200000		3.7785159
53.300000		3.7794422
53.400000		3.7803645
53.500000		3.7812827
53.600000		3.7821969
53.700000		3.7831071
53.800000		3.7840134
53.900000		3.7849157
54.000000		3.7858140
54.100000		3.7867085
54.200000		3.7875990
54.300000		3.7884857
54.400000		3.7893685
54.500000		3.7902474
54.600000		3.7911225
54.700000		3.7919938
54.800000		3.7928613
54.900000		3.7937251
55.000000		3.7945850
55.100000		3.7954413
55.200000		3.7962938
55.300000		3.7971426
55.400000		3.7979877
55.500000		3.7988292
55.600000		3.7996670
55.700000		3.8005012
55.800000		3.8013317
55.900000		3.8021587
56.000000		3.8029821
56.100000		3.8038019
56.200000		3.8046181
56.300000		3.8054309
56.400000		3.8062401
56.500000		3.8070458
56.600000		3.8078480
56.700000		3.8086467
56.800000		3.8094420
56.900000		3.8102339
57.000000		3.8110223
57.100000		3.8118074
57.200000		3.8125890
57.300000		3.8133673
57.400000		3.8141422
57.500000		3.8149138
57.600000		3.8156820
57.700000		3.8164470
57.800000		3.8172086
57.900000		3.8179670
58.000000		3.8187221
58.100000		3.8194739
58.200000		3.8202226
58.300000		3.8209680
58.400000		3.8217101
58.500000		3.8224491
58.600000		3.8231850
58.700000		3.8239176
58.800000		3.8246472
58.900000		3.8253735
59.000000		3.8260968
59.100000		3.8268170
59.200000		3.8275340
59.300000		3.8282480
59.400000		3.8289590
59.500000		3.8296669
59.600000		3.8303717
59.700000		3.8310736
59.800000		3.8317724
59.900000		3.8324682
60.000000		3.8331611
60.100000		3.8338510
60.200000		3.8345380
60.300000		3.8352220
60.400000		3.8359031
60.500000		3.8365812
60.600000		3.8372565
60.700000		3.8379289
60.800000		3.8385984
60.900000		3.8392651
61.000000		3.8399289
61.100000		3.8405899
61.200000		3.8412481
61.300000		3.8419034
61.400000		3.8425560
61.500000		3.8432058
61.600000		3.8438528
61.700000		3.8444971
61.800000		3.8451386
61.900000		3.8457774
62.000000		3.8464135
62.100000		3.8470468
62.200000		3.8476775
62.300000		3.8483055
62.400000		3.8489308
62.500000		3.8495535
62.600000		3.8501735
62.700000		3.8507909
62.800000		3.8514056
62.900000		3.8520178
63.000000		3.8526273
63.100000		3.8532343
63.200000		3.8538387
63.300000		3.8544405
63.400000		3.8550398
63.500000		3.8556365
63.600000		3.8562307
63.700000		3.8568224
63.800000		3.8574116
63.900000		3.8579983
64.000000		3.8585825
64.100000		3.8591642
64.200000		3.8597434
64.300000		3.8603203
64.400000		3.8608946
64.500000		3.8614666
64.600000		3.8620361
64.700000		3.8626032
64.800000		3.8631679
64.900000		3.8637303
65.000000		3.8642902
65.100000		3.8648478
65.200000		3.8654030
65.300000		3.8659559
65.400000		3.8665065
65.500000		3.8670547
65.600000		3.8676006
65.700000		3.8681443
65.800000		3.8686856
65.900000		3.8692246
66.000000		3.8697614
66.100000		3.8702959
66.200000		3.8708282
66.300000		3.8713582
66.400000		3.8718860
66.500000		3.8724115
66.600000		3.8729349
66.700000		3.8734560
66.800000		3.8739750
66.900000		3.8744918
67.000000		3.8750064
67.100000		3.8755188
67.200000		3.8760291
67.300000		3.8765372
67.400000		3.8770432
67.500000		3.8775471
67.600000		3.8780488
67.700000		3.8785485
67.800000		3.8790460
67.900000		3.8795415
68.000000		3.8800349
68.100000		3.8805262
68.200000		3.8810155
68.300000		3.8815027
68.400000		3.8819878
68.500000		3.8824709
68.600000		3.8829520
68.700000		3.8834311
68.800000		3.8839082
68.900000		3.8843833
69.000000		3.8848563
69.100000		3.8853274
69.200000		3.8857966
69.300000		3.8862637
69.400000		3.8867289
69.500000		3.8871922
69.600000		3.8876535
69.700000		3.8881129
69.800000		3.8885704
69.900000		3.8890260
70.000000		3.8894796
70.100000		3.8899314
70.200000		3.8903812
70.300000		3.8908292
70.400000		3.8912754
70.500000		3.8917196
70.600000		3.8921620
70.700000		3.8926026
70.800000		3.8930413
70.900000		3.8934782
71.000000		3.8939132
71.100000		3.8943465
71.200000		3.8947779
71.300000		3.8952075
71.400000		3.8956354
71.500000		3.8960614
71.600000		3.8964857
71.700000		3.8969082
71.800000		3.8973290
71.900000		3.8977480
72.000000		3.8981653
72.100000		3.8985808
72.200000		3.8989946
72.300000		3.8994066
72.400000		3.8998170
72.500000		3.9002256
72.600000		3.9006326
72.700000		3.9010378
72.800000		3.9014414
72.900000		3.9018433
73.000000		3.9022435
73.100000		3.9026420
73.200000		3.9030389
73.300000		3.9034341
73.400000		3.9038277
73.500000		3.9042197
73.600000		3.9046100
73.700000		3.9049988
73.800000		3.9053858
73.900000		3.9057713
74.000000		3.9061552
74.100000		3.9065375
74.200000		3.9069182
74.300000		3.9072974
74.400000		3.9076749
74.500000		3.9080509
74.600000		3.9084253
74.700000		3.9087982
74.800000		3.9091695
74.900000		3.9095393
75.000000		3.9099076
75.100000		3.9102743
75.200000		3.9106395
75.300000		3.9110032
75.400000		3.9113654
75.500000		3.9117261
75.600000		3.9120853
75.700000		3.9124430
75.800000		3.9127992
75.900000		3.9131539
76.000000		3.9135072
76.100000		3.9138590
76.200000		3.9142094
76.300000		3.9145583
76.400000		3.9149058
76.500000		3.9152518
76.600000		3.9155964
76.700000		3.9159396
76.800000		3.9162814
76.900000		3.9166217
77.000000		3.9169606
77.100000		3.9172982
77.200000		3.9176343
77.300000		3.9179691
77.400000		3.9183024
77.500000		3.9186344
77.600000		3.9189650
77.700000		3.9192943
77.800000		3.9196222
77.900000		3.9199487
78.000000		3.9202739
78.100000		3.9205978
78.200000		3.9209203
78.300000		3.9212414
78.400000		3.9215613
78.500000		3.9218798
78.600000		3.9221971
78.700000		3.9225130
78.800000		3.9228276
78.900000		3.9231409
79.000000		3.9234529
79.100000		3.9237637
79.200000		3.9240731
79.300000		3.9243813
79.400000		3.9246882
79.500000		3.9249938
79.600000		3.9252982
79.700000		3.9256014
79.800000		3.9259032
79.900000		3.9262039
80.000000		3.9265033
80.100000		3.9268014
80.200000		3.9270984
80.300000		3.9273941
80.400000		3.9276886
80.500000		3.9279819
80.600000		3.9282740
80.700000		3.9285649
80.800000		3.9288545
80.900000		3.9291430
81.000000		3.9294303
81.100000		3.9297165
81.200000		3.9300014
81.300000		3.9302852
81.400000		3.9305678
81.500000		3.9308492
81.600000		3.9311295
81.700000		3.9314087
81.800000		3.9316867
81.900000		3.9319635
82.000000		3.9322392
82.100000		3.9325138
82.200000		3.9327872
82.300000		3.9330596
82.400000		3.9333308
82.500000		3.9336009
82.600000		3.9338699
82.700000		3.9341377
82.800000		3.9344045
82.900000		3.9346702
83.000000		3.9349348
83.100000		3.9351983
83.200000		3.9354608
83.300000		3.9357221
83.400000		3.9359824
83.500000		3.9362416
83.600000		3.9364998
83.700000		3.9367568
83.800000		3.9370129
83.900000		3.9372679
84.000000		3.9375218
84.100000		3.9377747
84.200000		3.9380266
84.300000		3.9382774
84.400000		3.9385272
84.500000		3.9387760
84.600000		3.9390238
84.700000		3.9392705
84.800000		3.9395163
84.900000		3.9397610
85.000000		3.9400047
85.100000		3.9402474
85.200000		3.9404892
85.300000		3.9407299
85.400000		3.9409697
85.500000		3.9412085
85.600000		3.9414463
85.700000		3.9416831
85.800000		3.9419190
85.900000		3.9421538
86.000000		3.9423878
86.100000		3.9426208
86.200000		3.9428528
86.300000		3.9430839
86.400000		3.9433140
86.500000		3.9435432
86.600000		3.9437714
86.700000		3.9439987
86.800000		3.9442251
86.900000		3.9444506
87.000000		3.9446751
87.100000		3.9448987
87.200000		3.9451215
87.300000		3.9453433
87.400000		3.9455642
87.500000		3.9457841
87.600000		3.9460032
87.700000		3.9462214
87.800000		3.9464387
87.900000		3.9466552
88.000000		3.9468707
88.100000		3.9470853
88.200000		3.9472991
88.300000		3.9475120
88.400000		3.9477241
88.500000		3.9479352
88.600000		3.9481455
88.700000		3.9483550
88.800000		3.9485636
88.900000		3.9487713
89.000000		3.9489782
89.100000		3.9491843
89.200000		3.9493895
89.300000		3.9495938
89.400000		3.9497974
89.500000		3.9500001
89.600000		3.9502020
89.700000		3.9504030
89.800000		3.9506033
89.900000		3.9508027
90.000000		3.9510013
90.100000		3.9511991
90.200000		3.9513961
90.300000		3.9515923
90.400000		3.9517877
90.500000		3.9519823
90.600000		3.9521761
90.700000		3.9523691
90.800000		3.9525613
90.900000		3.9527528
91.000000		3.9529434
91.100000		3.9531333
91.200000		3.9533224
91.300000		3.9535108
91.400000		3.9536983
91.500000		3.9538851
91.600000		3.9540712
91.700000		3.9542565
91.800000		3.9544410
91.900000		3.9546248
92.000000		3.9548079
92.100000		3.9549901
92.200000		3.9551717
92.300000		3.9553525
92.400000		3.9555326
92.500000		3.9557119
92.600000		3.9558905
92.700000		3.9560684
92.800000		3.9562456
92.900000		3.9564220
93.000000		3.9565978
93.100000		3.9567728
93.200000		3.9569471
93.300000		3.9571207
93.400000		3.9572935
93.500000		3.9574657
93.600000		3.9576372
93.700000		3.9578080
93.800000		3.9579781
93.900000		3.9581475
94.000000		3.9583162
94.100000		3.9584842
94.200000		3.9586515
94.300000		3.9588182
94.400000		3.9589842
94.500000		3.9591495
94.600000		3.9593141
94.700000		3.9594781
94.800000		3.9596414
94.900000		3.9598040
95.000000		3.9599660
95.100000		3.9601273
95.200000		3.9602880
95.300000		3.9604480
95.400000		3.9606074
95.500000		3.9607661
95.600000		3.9609242
95.700000		3.9610816
95.800000		3.9612384
95.900000		3.9613945
96.000000		3.9615500
96.100000		3.9617049
96.200000		3.9618592
96.300000		3.9620128
96.400000		3.9621658
96.500000		3.9623182
96.600000		3.9624700
96.700000		3.9626211
96.800000		3.9627717
96.900000		3.9629216
97.000000		3.9630709
97.100000		3.9632196
97.200000		3.9633678
97.300000		3.9635153
97.400000		3.9636622
97.500000		3.9638085
97.600000		3.9639542
97.700000		3.9640993
97.800000		3.9642439
97.900000		3.9643878
98.000000		3.9645312
98.100000		3.9646740
98.200000		3.9648162
98.300000		3.9649579
98.400000		3.9650989
98.500000		3.9652394
98.600000		3.9653793
98.700000		3.9655187
98.800000		3.9656575
98.900000		3.9657957
99.000000		3.9659334
99.100000		3.9660705
99.200000		3.9662070
99.300000		3.9663430
99.400000		3.9664785
99.500000		3.9666134
99.600000		3.9667477
99.700000		3.9668815
99.800000		3.9670148
99.900000		3.9671475
100.000000		3.9672797
100.100000		3.9674114
100.200000		3.9675425
100.300000		3.9676731
100.400000		3.9678032
100.500000		3.9679327
100.600000		3.9680617
100.700000		3.9681902
100.800000		3.9683182
100.900000		3.9684456
101.000000		3.9685725
101.100000		3.9686990
101.200000		3.9688249
101.300000		3.9689503
101.400000		3.9690752
101.500000		3.9691995
101.600000		3.9693234
101.700000		3.9694468
101.800000		3.9695697
101.900000		3.9696921
102.000000		3.9698140
102.100000		3.9699354
102.200000		3.9700563
102.300000		3.9701767
102.400000		3.9702966
102.500000		3.9704160
102.600000		3.9705350
102.700000		3.9706535
102.800000		3.9707715
102.900000		3.9708890
103.000000		3.9710060
103.100000		3.9711226
103.200000		3.9712387
103.300000		3.9713544
103.400000		3.9714695
103.500000		3.9715842
103.600000		3.9716985
103.700000		3.9718122
103.800000		3.9719255
103.900000		3.9720384
104.000000		3.9721508
104.100000		3.9722627
104.200000		3.9723742
104.300000		3.9724853
104.400000		3.9725959
104.500000		3.9727060
104.600000		3.9728157
104.700000		3.9729250
104.800000		3.9730338
104.900000		3.9731422
105.000000		3.9732501
105.100000		3.9733576
105.200000		3.9734647
105.300000		3.9735713
105.400000		3.9736775
105.500000		3.9737833
105.600000		3.9738886
105.700000		3.9739936
105.800000		3.9740981
105.900000		3.9742021
106.000000		3.9743058
106.100000		3.9744090
106.200000		3.9745119
106.300000		3.9746143
106.400000		3.9747163
106.500000		3.9748178
106.600000		3.9749190
106.700000		3.9750198
106.800000		3.9751201
106.900000		3.9752201
107.000000		3.9753196
107.100000		3.9754188
107.200000		3.9755175
107.300000		3.9756159
107.400000		3.9757138
107.500000		3.9758114
107.600000		3.9759085
107.700000		3.9760053
107.800000		3.9761017
107.900000		3.9761977
108.000000		3.9762933
108.100000		3.9763885
108.200000		3.9764833
108.300000		3.9765777
108.400000		3.9766718
108.500000		3.9767655
108.600000		3.9768588
108.700000		3.9769517
108.800000		3.9770443
108.900000		3.9771365
109.000000		3.9772283
109.100000		3.9773197
109.200000		3.9774108
109.300000		3.9775015
109.400000		3.9775919
109.500000		3.9776818
109.600000		3.9777714
109.700000		3.9778607
109.800000		3.9779496
109.900000		3.9780381
110.000000		3.9781263
110.100000		3.9782141
110.200000		3.9783016
110.300000		3.9783887
110.400000		3.9784755
110.500000		3.9785619
110.600000		3.9786479
110.700000		3.9787336
110.800000		3.9788190
110.900000		3.9789040
111.000000		3.9789887
111.100000		3.9790731
111.200000		3.9791571
111.300000		3.9792407
111.400000		3.9793241
111.500000		3.9794071
111.600000		3.9794897
111.700000		3.9795720
111.800000		3.9796540
111.900000		3.9797357
112.000000		3.9798170
112.100000		3.9798980
112.200000		3.9799787
112.300000		3.9800591
112.400000		3.9801391
112.500000		3.9802188
112.600000		3.9802982
112.700000		3.9803773
112.800000		3.9804560
112.900000		3.9805344
113.000000		3.9806125
113.100000		3.9806903
113.200000		3.9807678
113.300000		3.9808450
113.400000		3.9809219
113.500000		3.9809984
113.600000		3.9810747
113.700000		3.9811506
113.800000		3.9812262
113.900000		3.9813016
114.000000		3.9813766
114.100000		3.9814513
114.200000		3.9815257
114.300000		3.9815998
114.400000		3.9816737
114.500000		3.9817472
114.600000		3.9818204
114.700000		3.9818934
114.800000		3.9819660
114.900000		3.9820384
115.000000		3.9821104
115.100000		3.9821822
115.200000		3.9822537
115.300000		3.9823248
115.400000		3.9823957
115.500000		3.9824664
115.600000		3.9825367
115.700000		3.9826068
115.800000		3.9826765
115.900000		3.9827460
116.000000		3.9828152
116.100000		3.9828841
116.200000		3.9829528
116.300000		3.9830212
116.400000		3.9830893
116.500000		3.9831571
116.600000		3.9832247
116.700000		3.9832919
116.800000		3.9833590
116.900000		3.9834257
117.000000		3.9834922
117.100000		3.9835584
117.200000		3.9836243
117.300000		3.9836900
117.400000		3.9837554
117.500000		3.9838205
117.600000		3.9838854
117.700000		3.9839500
117.800000		3.9840144
117.900000		3.9840785
118.000000		3.9841424
118.100000		3.9842060
118.200000		3.9842693
118.300000		3.9843324
118.400000		3.9843952
118.500000		3.9844578
118.600000		3.9845201
118.700000		3.9845822
118.800000		3.9846440
118.900000		3.9847055
119.000000		3.9847669
119.100000		3.9848279
119.200000		3.9848888
119.300000		3.9849494
119.400000		3.9850097
119.500000		3.9850698
119.600000		3.9851297
119.700000		3.9851893
119.800000		3.9852487
119.900000		3.9853078
120.000000		3.9853667
120.100000		3.9854254
120.200000		3.9854838
120.300000		3.9855420
120.400000		3.9856000
120.500000		3.9856577
120.600000		3.9857152
120.700000		3.9857725
120.800000		3.9858295
120.900000		3.9858863
121.000000		3.9859429
121.100000		3.9859992
121.200000		3.9860553
121.300000		3.9861112
121.400000		3.9861669
121.500000		3.9862224
121.600000		3.9862776
121.700000		3.9863326
121.800000		3.9863874
121.900000		3.9864419
122.000000		3.9864963
122.100000		3.9865504
122.200000		3.9866043
122.300000		3.9866580
122.400000		3.9867115
122.500000		3.9867647
122.600000		3.9868178
122.700000		3.9868706
122.800000		3.9869232
122.900000		3.9869756
123.000000		3.9870278
123.100000		3.9870798
123.200000		3.9871316
123.300000		3.9871832
123.400000		3.9872345
123.500000		3.9872857
123.600000		3.9873367
123.700000		3.9873874
123.800000		3.9874379
123.900000		3.9874883
124.000000		3.9875384
124.100000		3.9875884
124.200000		3.9876381
124.300000		3.9876876
124.400000		3.9877370
124.500000		3.9877861
124.600000		3.9878351
124.700000		3.9878838
124.800000		3.9879324
124.900000		3.9879807
125.000000		3.9880289
125.100000		3.9880768
125.200000		3.9881246
125.300000		3.9881722
125.400000		3.9882196
125.500000		3.9882668
125.600000		3.9883138
125.700000		3.9883606
125.800000		3.9884073
125.900000		3.9884537
126.000000		3.9885000
126.100000		3.9885460
126.200000		3.9885919
126.300000		3.9886376
126.400000		3.9886832
126.500000		3.9887285
126.600000		3.9887737
126.700000		3.9888186
126.800000		3.9888634
126.900000		3.9889080
127.000000		3.9889525
127.100000		3.9889967
127.200000		3.9890408
127.300000		3.9890847
127.400000		3.9891285
127.500000		3.9891720
127.600000		3.9892154
127.700000		3.9892586
127.800000		3.9893016
127.900000		3.9893445
128.000000		3.9893872
128.100000		3.9894297
128.200000		3.9894720
128.300000		3.9895142
128.400000		3.9895562
128.500000		3.9895980
128.600000		3.9896397
128.700000		3.9896812
128.800000		3.9897225
128.900000		3.9897637
129.000000		3.9898047
129.100000		3.9898455
129.200000		3.9898862
129.300000		3.9899267
129.400000		3.9899671
129.500000		3.9900072
129.600000		3.9900473
129.700000		3.9900871
129.800000		3.9901268
129.900000		3.9901664
130.000000		3.9902058
130.100000		3.9902450
130.200000		3.9902841
130.300000		3.9903230
130.400000		3.9903617
130.500000		3.9904003
130.600000		3.9904388
130.700000		3.9904771
130.800000		3.9905152
130.900000		3.9905532
131.000000		3.9905910
131.100000		3.9906287
131.200000		3.9906662
131.300000		3.9907036
131.400000		3.9907409
131.500000		3.9907779
131.600000		3.9908149
131.700000		3.9908516
131.800000		3.9908883
131.900000		3.9909248
132.000000		3.9909611
132.100000		3.9909973
132.200000		3.9910334
132.300000		3.9910693
132.400000		3.9911050
132.500000		3.9911407
132.600000		3.9911761
132.700000		3.9912115
132.800000		3.9912467
132.900000		3.9912817
133.000000		3.9913166
133.100000		3.9913514
133.200000		3.9913860
133.300000		3.9914205
133.400000		3.9914549
133.500000		3.9914891
133.600000		3.9915232
133.700000		3.9915571
133.800000		3.9915909
133.900000		3.9916246
134.000000		3.9916581
134.100000		3.9916915
134.200000		3.9917248
134.300000		3.9917579
134.400000		3.9917909
134.500000		3.9918238
134.600000		3.9918565
134.700000		3.9918891
134.800000		3.9919216
134.900000		3.9919539
135.000000		3.9919862
135.100000		3.9920182
135.200000		3.9920502
135.300000		3.9920820
135.400000		3.9921137
135.500000		3.9921453
135.600000		3.9921768
135.700000		3.9922081
135.800000		3.9922393
135.900000		3.9922703
136.000000		3.9923013
136.100000		3.9923321
136.200000		3.9923628
136.300000		3.9923934
136.400000		3.9924238
136.500000		3.9924542
136.600000		3.9924844
136.700000		3.9925145
136.800000		3.9925444
136.900000		3.9925743
137.000000		3.9926040
137.100000		3.9926336
137.200000		3.9926631
137.300000		3.9926925
137.400000		3.9927217
137.500000		3.9927509
137.600000		3.9927799
137.700000		3.9928088
137.800000		3.9928376
137.900000		3.9928662
138.000000		3.9928948
138.100000		3.9929232
138.200000		3.9929516
138.300000		3.9929798
138.400000		3.9930079
138.500000		3.9930359
138.600000		3.9930637
138.700000		3.9930915
138.800000		3.9931192
138.900000		3.9931467
139.000000		3.9931741
139.100000		3.9932015
139.200000		3.9932287
139.300000		3.9932558
139.400000		3.9932828
139.500000		3.9933097
139.600000		3.9933364
139.700000		3.9933631
139.800000		3.9933897
139.900000		3.9934161
140.000000		3.9934425
140.100000		3.9934687
140.200000		3.9934949
140.300000		3.9935209
140.400000		3.9935469
140.500000		3.9935727
140.600000		3.9935984
140.700000		3.9936240
140.800000		3.9936495
140.900000		3.9936750
141.000000		3.9937003
141.100000		3.9937255
141.200000		3.9937506
141.300000		3.9937756
141.400000		3.9938005
141.500000		3.9938253
141.600000		3.9938501
141.700000		3.9938747
141.800000		3.9938992
141.900000		3.9939236
142.000000		3.9939479
142.100000		3.9939721
142.200000		3.9939963
142.300000		3.9940203
142.400000		3.9940442
142.500000		3.9940681
142.600000		3.9940918
142.700000		3.9941154
142.800000		3.9941390
142.900000		3.9941624
143.000000		3.9941858
143.100000		3.9942091
143.200000		3.9942323
143.300000		3.9942553
143.400000		3.9942783
143.500000		3.9943012
143.600000		3.9943240
143.700000		3.9943467
143.800000		3.9943694
143.900000		3.9943919
144.000000		3.9944143
144.100000		3.9944367
144.200000		3.9944590
144.300000		3.9944811
144.400000		3.9945032
144.500000		3.9945252
144.600000		3.9945471
144.700000		3.9945689
144.800000		3.9945907
144.900000		3.9946123
145.000000		3.9946339
145.100000		3.9946554
145.200000		3.9946767
145.300000		3.9946980
145.400000		3.9947193
145.500000		3.9947404
145.600000		3.9947614
145.700000		3.9947824
145.800000		3.9948033
145.900000		3.9948241
146.000000		3.9948448
146.100000		3.9948654
146.200000		3.9948860
146.300000		3.9949064
146.400000		3.9949268
146.500000		3.9949471
146.600000		3.9949673
146.700000		3.9949875
146.800000		3.9950075
146.900000		3.9950275
147.000000		3.9950474
147.100000		3.9950672
147.200000		3.9950869
147.300000		3.9951066
147.400000		3.9951262
147.500000		3.9951457
147.600000		3.9951651
147.700000		3.9951845
147.800000		3.9952037
147.900000		3.9952229
148.000000		3.9952420
148.100000		3.9952611
148.200000		3.9952800
148.300000		3.9952989
148.400000		3.9953177
148.500000		3.9953365
148.600000		3.9953551
148.700000		3.9953737
148.800000		3.9953922
148.900000		3.9954106
149.000000		3.9954290
149.100000		3.9954473
149.200000		3.9954655
149.300000		3.9954836
149.400000		3.9955017
149.500000		3.9955197
149.600000		3.9955376
149.700000		3.9955555
149.800000		3.9955733
149.900000		3.9955910
150.000000		3.9956086
150.100000		3.9956262
150.200000		3.9956437
150.300000		3.9956611
150.400000		3.9956785
150.500000		3.9956958
150.600000		3.9957130
150.700000		3.9957301
150.800000		3.9957472
150.900000		3.9957642
151.000000		3.9957812
151.100000		3.9957981
151.200000		3.9958149
151.300000		3.9958316
151.400000		3.9958483
151.500000		3.9958649
151.600000		3.9958814
151.700000		3.9958979
151.800000		3.9959143
151.900000		3.9959307
152.000000		3.9959470
152.100000		3.9959632
152.200000		3.9959793
152.300000		3.9959954
152.400000		3.9960114
152.500000		3.9960274
152.600000		3.9960433
152.700000		3.9960591
152.800000		3.9960749
152.900000		3.9960906
153.000000		3.9961062
153.100000		3.9961218
153.200000		3.9961373
153.300000		3.9961528
153.400000		3.9961681
153.500000		3.9961835
153.600000		3.9961987
153.700000		3.9962140
153.800000		3.9962291
153.900000		3.9962442
154.000000		3.9962592
154.100000		3.9962742
154.200000		3.9962891
154.300000		3.9963039
154.400000		3.9963187
154.500000		3.9963334
154.600000		3.9963481
154.700000		3.9963627
154.800000		3.9963773
154.900000		3.9963917
155.000000		3.9964062
155.100000		3.9964206
155.200000		3.9964349
155.300000		3.9964491
155.400000		3.9964633
155.500000		3.9964775
155.600000		3.9964916
155.700000		3.9965056
155.800000		3.9965196
155.900000		3.9965335
156.000000		3.9965474
156.100000		3.9965612
156.200000		3.9965749
156.300000		3.9965886
156.400000		3.9966023
156.500000		3.9966159
156.600000		3.9966294
156.700000		3.9966429
156.800000		3.9966563
156.900000		3.9966697
157.000000		3.9966830
157.100000		3.9966963
157.200000		3.9967095
157.300000		3.9967227
157.400000		3.9967358
157.500000		3.9967488
157.600000		3.9967618
157.700000		3.9967748
157.800000		3.9967877
157.900000		3.9968005
158.000000		3.9968133
158.100000		3.9968261
158.200000		3.9968388
158.300000		3.9968514
158.400000		3.9968640
158.500000		3.9968766
158.600000		3.9968891
158.700000		3.9969015
158.800000		3.9969139
158.900000		3.9969262
159.000000		3.9969385
159.100000		3.9969508
159.200000		3.9969630
159.300000		3.9969751
159.400000		3.9969872
159.500000		3.9969993
159.600000		3.9970113
159.700000		3.9970232
159.800000		3.9970351
159.900000		3.9970470
160.000000		3.9970588
160.100000		3.9970706
160.200000		3.9970823
160.300000		3.9970940
160.400000		3.9971056
160.500000		3.9971172
160.600000		3.9971287
160.700000		3.9971402
160.800000		3.9971516
160.900000		3.9971630
161.000000		3.9971743
161.100000		3.9971856
161.200000		3.9971969
161.300000		3.9972081
161.400000		3.9972193
161.500000		3.9972304
161.600000		3.9972415
161.700000		3.9972525
161.800000		3.9972635
161.900000		3.9972744
162.000000		3.9972853
162.100000		3.9972962
162.200000		3.9973070
162.300000		3.9973178
162.400000		3.9973285
162.500000		3.9973392
162.600000		3.9973498
162.700000		3.9973604
162.800000		3.9973710
162.900000		3.9973815
163.000000		3.9973920
163.100000		3.9974024
163.200000		3.9974128
163.300000		3.9974232
163.400000		3.9974335
163.500000		3.9974437
163.600000		3.9974539
163.700000		3.9974641
163.800000		3.9974743
163.900000		3.9974844
164.000000		3.9974944
164.100000		3.9975045
164.200000		3.9975144
164.300000		3.9975244
164.400000		3.9975343
164.500000		3.9975441
164.600000		3.9975540
164.700000		3.9975637
164.800000		3.9975735
164.900000		3.9975832
165.000000		3.9975929
165.100000		3.9976025
165.200000		3.9976121
165.300000		3.9976216
165.400000		3.9976311
165.500000		3.9976406
165.600000		3.9976500
165.700000		3.9976594
165.800000		3.9976688
165.900000		3.9976781
166.000000		3.9976874
166.100000		3.9976967
166.200000		3.9977059
166.300000		3.9977150
166.400000		3.9977242
166.500000		3.9977333
166.600000		3.9977423
166.700000		3.9977514
166.800000		3.9977604
166.900000		3.9977693
167.000000		3.9977782
167.100000		3.9977871
167.200000		3.9977960
167.300000		3.9978048
167.400000		3.9978136
167.500000		3.9978223
167.600000		3.9978310
167.700000		3.9978397
167.800000		3.9978483
167.900000		3.9978569
168.000000		3.9978655
168.100000		3.9978740
168.200000		3.9978825
168.300000		3.9978910
168.400000		3.9978995
168.500000		3.9979079
168.600000		3.9979162
168.700000		3.9979245
168.800000		3.9979328
168.900000		3.9979411
169.000000		3.9979493
169.100000		3.9979576
169.200000		3.9979657
169.300000		3.9979739
169.400000		3.9979820
169.500000		3.9979900
169.600000		3.9979981
169.700000		3.9980061
169.800000		3.9980140
169.900000		3.9980220
170.000000		3.9980299
170.100000		3.9980378
170.200000		3.9980456
170.300000		3.9980534
170.400000		3.9980612
170.500000		3.9980690
170.600000		3.9980767
170.700000		3.9980844
170.800000		3.9980920
170.900000		3.9980997
171.000000		3.9981073
171.100000		3.9981148
171.200000		3.9981224
171.300000		3.9981299
171.400000		3.9981374
171.500000		3.9981448
171.600000		3.9981522
171.700000		3.9981596
171.800000		3.9981670
171.900000		3.9981743
172.000000		3.9981816
172.100000		3.9981889
172.200000		3.9981961
172.300000		3.9982033
172.400000		3.9982105
172.500000		3.9982177
172.600000		3.9982248
172.700000		3.9982319
172.800000		3.9982390
172.900000		3.9982460
173.000000		3.9982530
173.100000		3.9982600
173.200000		3.9982670
173.300000		3.9982739
173.400000		3.9982808
173.500000		3.9982877
173.600000		3.9982945
173.700000		3.9983013
173.800000		3.9983081
173.900000		3.9983149
174.000000		3.9983216
174.100000		3.9983284
174.200000		3.9983350
174.300000		3.9983417
174.400000		3.9983483
174.500000		3.9983549
174.600000		3.9983615
174.700000		3.9983681
174.800000		3.9983746
174.900000		3.9983811
175.000000		3.9983876
175.100000		3.9983940
175.200000		3.9984004
175.300000		3.9984068
175.400000		3.9984132
175.500000		3.9984195
175.600000		3.9984259
175.700000		3.9984322
175.800000		3.9984384
175.900000		3.9984447
176.000000		3.9984509
176.100000		3.9984571
176.200000		3.9984633
176.300000		3.9984694
176.400000		3.9984755
176.500000		3.9984816
176.600000		3.9984877
176.700000		3.9984937
176.800000		3.9984998
176.900000		3.9985058
177.000000		3.9985117
177.100000		3.9985177
177.200000		3.9985236
177.300000		3.9985295
177.400000		3.9985354
177.500000		3.9985412
177.600000		3.9985471
177.700000		3.9985529
177.800000		3.9985587
177.900000		3.9985644
178.000000		3.9985702
178.100000		3.9985759
178.200000		3.9985816
178.300000		3.9985873
178.400000		3.9985929
178.500000		3.9985985
178.600000		3.9986041
178.700000		3.9986097
178.800000		3.9986153
178.900000		3.9986208
179.000000		3.9986263
179.100000		3.9986318
179.200000		3.9986373
179.300000		3.9986427
179.400000		3.9986482
179.500000		3.9986536
179.600000		3.9986590
179.700000		3.9986643
179.800000		3.9986697
179.900000		3.9986750
180.000000		3.9986803
180.100000		3.9986856
180.200000		3.9986908
180.300000		3.9986960
180.400000		3.9987013
180.500000		3.9987064
180.600000		3.9987116
180.700000		3.9987168
180.800000		3.9987219
180.900000		3.9987270
181.000000		3.9987321
181.100000		3.9987372
181.200000		3.9987422
181.300000		3.9987473
181.400000		3.9987523
181.500000		3.9987572
181.600000		3.9987622
181.700000		3.9987672
181.800000		3.9987721
181.900000		3.9987770
182.000000		3.9987819
182.100000		3.9987868
182.200000		3.9987916
182.300000		3.9987964
182.400000		3.9988013
182.500000		3.9988061
182.600000		3.9988108
182.700000		3.9988156
182.800000		3.9988203
182.900000		3.9988250
183.000000		3.9988297
183.100000		3.9988344
183.200000		3.9988391
183.300000		3.9988437
183.400000		3.9988483
183.500000		3.9988529
183.600000		3.9988575
183.700000		3.9988621
183.800000		3.9988666
183.900000		3.9988712
184.000000		3.9988757
184.100000		3.9988802
184.200000		3.9988847
184.300000		3.9988891
184.400000		3.9988936
184.500000		3.9988980
184.600000		3.9989024
184.700000		3.9989068
184.800000		3.9989112
184.900000		3.9989155
185.000000		3.9989198
185.100000		3.9989242
185.200000		3.9989285
185.300000		3.9989327
185.400000		3.9989370
185.500000		3.9989413
185.600000		3.9989455
185.700000		3.9989497
185.800000		3.9989539
185.900000		3.9989581
186.000000		3.9989623
186.100000		3.9989664
186.200000		3.9989705
186.300000		3.9989747
186.400000		3.9989788
186.500000		3.9989828
186.600000		3.9989869
186.700000		3.9989910
186.800000		3.9989950
186.900000		3.9989990
187.000000		3.9990030
187.100000		3.9990070
187.200000		3.9990110
187.300000		3.9990149
187.400000		3.9990189
187.500000		3.9990228
187.600000		3.9990267
187.700000		3.9990306
187.800000		3.9990345
187.900000		3.9990383
188.000000		3.9990422
188.100000		3.9990460
188.200000		3.9990498
188.300000		3.9990536
188.400000		3.9990574
188.500000		3.9990612
188.600000		3.9990649
188.700000		3.9990687
188.800000		3.9990724
188.900000		3.9990761
189.000000		3.9990798
189.100000		3.9990835
189.200000		3.9990871
189.300000		3.9990908
189.400000		3.9990944
189.500000		3.9990980
189.600000		3.9991016
189.700000		3.9991052
189.800000		3.9991088
189.900000		3.9991124
190.000000		3.9991159
190.100000		3.9991194
190.200000		3.9991230
190.300000		3.9991265
190.400000		3.9991300
190.500000		3.9991334
190.600000		3.9991369
190.700000		3.9991404
190.800000		3.9991438
190.900000		3.9991472
191.000000		3.9991506
191.100000		3.9991540
191.200000		3.9991574
191.300000		3.9991608
191.400000		3.9991641
191.500000		3.9991675
191.600000		3.9991708
191.700000		3.9991741
191.800000		3.9991774
191.900000		3.9991807
192.000000		3.9991840
192.100000		3.9991872
192.200000		3.9991905
192.300000		3.9991937
192.400000		3.9991970
192.500000		3.9992002
192.600000		3.9992034
192.700000		3.9992065
192.800000		3.9992097
192.900000		3.9992129
193.000000		3.9992160
193.100000		3.9992192
193.200000		3.9992223
193.300000		3.9992254
193.400000		3.9992285
193.500000		3.9992316
193.600000		3.9992346
193.700000		3.9992377
193.800000		3.9992408
193.900000		3.9992438
194.000000		3.9992468
194.100000		3.9992498
194.200000		3.9992528
194.300000		3.9992558
194.400000		3.9992588
194.500000		3.9992617
194.600000		3.9992647
194.700000		3.9992676
194.800000		3.9992706
194.900000		3.9992735
195.000000		3.9992764
195.100000		3.9992793
195.200000		3.9992822
195.300000		3.9992850
195.400000		3.9992879
195.500000		3.9992907
195.600000		3.9992936
195.700000		3.9992964
195.800000		3.9992992
195.900000		3.9993020
196.000000		3.9993048
196.100000		3.9993076
196.200000		3.9993103
196.300000		3.9993131
196.400000		3.9993159
196.500000		3.9993186
196.600000		3.9993213
196.700000		3.9993240
196.800000		3.9993267
196.900000		3.9993294
197.000000		3.9993321
197.100000		3.9993348
197.200000		3.9993374
197.300000		3.9993401
197.400000		3.9993427
197.500000		3.9993453
197.600000		3.9993480
197.700000		3.9993506
197.800000		3.9993532
197.900000		3.9993558
198.000000		3.9993583
198.100000		3.9993609
198.200000		3.9993634
198.300000		3.9993660
198.400000		3.9993685
198.500000		3.9993711
198.600000		3.9993736
198.700000		3.9993761
198.800000		3.9993786
198.900000		3.9993810
199.000000		3.9993835
199.100000		3.9993860
199.200000		3.9993884
199.300000		3.9993909
199.400000		3.9993933
199.500000		3.9993957
199.600000		3.9993982
199.700000		3.9994006
199.800000		3.9994030
199.900000		3.9994054
200.000000		3.9994077
200.100000		3.9994101
200.200000		3.9994125
200.300000		3.9994148
200.400000		3.9994171
200.500000		3.9994195
200.600000		3.9994218
200.700000		3.9994241
200.800000		3.9994264
200.900000		3.9994287
201.000000		3.9994310
201.100000		3.9994333
201.200000		3.9994355
201.300000		3.9994378
201.400000		3.9994400
201.500000		3.9994423
201.600000		3.9994445
201.700000		3.9994467
201.800000		3.9994489
201.900000		3.9994511
202.000000		3.9994533
202.100000		3.9994555
202.200000		3.9994577
202.300000		3.9994599
202.400000		3.9994620
202.500000		3.9994642
202.600000		3.9994663
202.700000		3.9994684
202.800000		3.9994706
202.900000		3.9994727
203.000000		3.9994748
203.100000		3.9994769
203.200000		3.9994790
203.300000		3.9994811
203.400000		3.9994831
203.500000		3.9994852
203.600000		3.9994873
203.700000		3.9994893
203.800000		3.9994914
203.900000		3.9994934
204.000000		3.9994954
204.100000		3.9994974
204.200000		3.9994994
204.300000		3.9995014
204.400000		3.9995034
204.500000		3.9995054
204.600000		3.9995074
204.700000		3.9995094
204.800000		3.9995113
204.900000		3.9995133
205.000000		3.9995152
205.100000		3.9995172
205.200000		3.9995191
205.300000		3.9995210
205.400000		3.9995229
205.500000		3.9995248
205.600000		3.9995267
205.700000		3.9995286
205.800000		3.9995305
205.900000		3.9995324
206.000000		3.9995343
206.100000		3.9995361
206.200000		3.9995380
206.300000		3.9995398
206.400000		3.9995417
206.500000		3.9995435
206.600000		3.9995453
206.700000		3.9995471
206.800000		3.9995490
206.900000		3.9995508
207.000000		3.9995526
207.100000		3.9995543
207.200000		3.9995561
207.300000		3.9995579
207.400000		3.9995597
207.500000		3.9995614
207.600000		3.9995632
207.700000		3.9995649
207.800000		3.9995667
207.900000		3.9995684
208.000000		3.9995701
208.100000		3.9995718
208.200000		3.9995736
208.300000		3.9995753
208.400000		3.9995770
208.500000		3.9995786
208.600000		3.9995803
208.700000		3.9995820
208.800000		3.9995837
208.900000		3.9995853
209.000000		3.9995870
209.100000		3.9995887
209.200000		3.9995903
209.300000		3.9995919
209.400000		3.9995936
209.500000		3.9995952
209.600000		3.9995968
209.700000		3.9995984
209.800000		3.9996000
209.900000		3.9996016
210.000000		3.9996032
210.100000		3.9996048
210.200000		3.9996064
210.300000		3.9996080
210.400000		3.9996095
210.500000		3.9996111
210.600000		3.9996126
210.700000		3.9996142
210.800000		3.9996157
210.900000		3.9996173
211.000000		3.9996188
211.100000		3.9996203
211.200000		3.9996218
211.300000		3.9996234
211.400000		3.9996249
211.500000		3.9996264
211.600000		3.9996278
211.700000		3.9996293
211.800000		3.9996308
211.900000		3.9996323
212.000000		3.9996338
212.100000		3.9996352
212.200000		3.9996367
212.300000		3.9996381
212.400000		3.9996396
212.500000		3.9996410
212.600000		3.9996425
212.700000		3.9996439
212.800000		3.9996453
212.900000		3.9996467
213.000000		3.9996481
213.100000		3.9996496
213.200000		3.9996510
213.300000		3.9996523
213.400000		3.9996537
213.500000		3.9996551
213.600000		3.9996565
213.700000		3.9996579
213.800000		3.9996592
213.900000		3.9996606
214.000000		3.9996620
214.100000		3.9996633
214.200000		3.9996647
214.300000		3.9996660
214.400000		3.9996673
214.500000		3.9996687
214.600000		3.9996700
214.700000		3.9996713
214.800000		3.9996726
214.900000		3.9996739
215.000000		3.9996752
215.100000		3.9996765
215.200000		3.9996778
215.300000		3.9996791
215.400000		3.9996804
215.500000		3.9996817
215.600000		3.9996829
215.700000		3.9996842
215.800000		3.9996855
215.900000		3.9996867
216.000000		3.9996880
216.100000		3.9996892
216.200000		3.9996905
216.300000		3.9996917
216.400000		3.9996929
216.500000		3.9996942
216.600000		3.9996954
216.700000		3.9996966
216.800000		3.9996978
216.900000		3.9996990
217.000000		3.9997002
217.100000		3.9997014
217.200000		3.9997026
217.300000		3.9997038
217.400000		3.9997050
217.500000		3.9997062
217.600000		3.9997074
217.700000		3.9997085
217.800000		3.9997097
217.900000		3.9997108
218.000000		3.9997120
218.100000		3.9997132
218.200000		3.9997143
218.300000		3.9997154
218.400000		3.9997166
218.500000		3.9997177
218.600000		3.9997188
218.700000		3.9997200
218.800000		3.9997211
218.900000		3.9997222
219.000000		3.9997233
219.100000		3.9997244
219.200000		3.9997255
219.300000		3.9997266
219.400000		3.9997277
219.500000		3.9997288
219.600000		3.9997299
219.700000		3.9997310
219.800000		3.9997320
219.900000		3.9997331
220.000000		3.9997342
220.100000		3.9997352
220.200000		3.9997363
220.300000		3.9997374
220.400000		3.9997384
220.500000		3.9997394
220.600000		3.9997405
220.700000		3.9997415
220.800000		3.9997426
220.900000		3.9997436
221.000000		3.9997446
221.100000		3.9997456
221.200000		3.9997467
221.300000		3.9997477
221.400000		3.9997487
221.500000		3.9997497
221.600000		3.9997507
221.700000		3.9997517
221.800000		3.9997527
221.900000		3.9997537
222.000000		3.9997546
222.100000		3.9997556
222.200000		3.9997566
222.300000		3.9997576
222.400000		3.9997585
222.500000		3.9997595
222.600000		3.9997605
222.700000		3.9997614
222.800000		3.9997624
222.900000		3.9997633
223.000000		3.9997643
223.100000		3.9997652
223.200000		3.9997662
223.300000		3.9997671
223.400000		3.9997680
223.500000		3.9997689
223.600000		3.9997699
223.700000		3.9997708
223.800000		3.9997717
223.900000		3.9997726
224.000000		3.9997735
224.100000		3.9997744
224.200000		3.9997753
224.300000		3.9997762
224.400000		3.9997771
224.500000		3.9997780
224.600000		3.9997789
224.700000		3.9997798
224.800000		3.9997807
224.900000		3.9997815
225.000000		3.9997824
225.100000		3.9997833
225.200000		3.9997842
225.300000		3.9997850
225.400000		3.9997859
225.500000		3.9997867
225.600000		3.9997876
225.700000		3.9997884
225.800000		3.9997893
225.900000		3.9997901
226.000000		3.9997910
226.100000		3.9997918
226.200000		3.9997926
226.300000		3.9997935
226.400000		3.9997943
226.500000		3.9997951
226.600000		3.9997959
226.700000		3.9997967
226.800000		3.9997976
226.900000		3.9997984
227.000000		3.9997992
227.100000		3.9998000
227.200000		3.9998008
227.300000		3.9998016
227.400000		3.9998024
227.500000		3.9998032
227.600000		3.9998039
227.700000		3.9998047
227.800000		3.9998055
227.900000		3.9998063
228.000000		3.9998071
228.100000		3.9998078
228.200000		3.9998086
228.300000		3.9998094
228.400000		3.9998101
228.500000		3.9998109
228.600000		3.9998116
228.700000		3.9998124
228.800000		3.9998131
228.900000		3.9998139
229.000000		3.9998146
229.100000		3.9998154
229.200000		3.9998161
229.300000		3.9998168
229.400000		3.9998176
229.500000		3.9998183
229.600000		3.9998190
229.700000		3.9998198
229.800000		3.9998205
229.900000		3.9998212
230.000000		3.9998219
230.100000		3.9998226
230.200000		3.9998233
230.300000		3.9998240
230.400000		3.9998247
230.500000		3.9998254
230.600000		3.9998261
230.700000		3.9998268
230.800000		3.9998275
230.900000		3.9998282
231.000000		3.9998289
231.100000		3.9998296
231.200000		3.9998303
231.300000		3.9998309
231.400000		3.9998316
231.500000		3.9998323
231.600000		3.9998330
231.700000		3.9998336
231.800000		3.9998343
231.900000		3.9998350
232.000000		3.9998356
232.100000		3.9998363
232.200000		3.9998369
232.300000		3.9998376
232.400000		3.9998382
232.500000		3.9998389
232.600000		3.9998395
232.700000		3.9998402
232.800000		3.9998408
232.900000		3.9998414
233.000000		3.9998421
233.100000		3.9998427
233.200000		3.9998433
233.300000		3.9998440
233.400000		3.9998446
233.500000		3.9998452
233.600000		3.9998458
233.700000		3.9998464
233.800000		3.9998471
233.900000		3.9998477
234.000000		3.9998483
234.100000		3.9998489
234.200000		3.9998495
234.300000		3.9998501
234.400000		3.9998507
234.500000		3.9998513
234.600000		3.9998519
234.700000		3.9998525
234.800000		3.9998531
234.900000		3.9998536
235.000000		3.9998542
235.100000		3.9998548
235.200000		3.9998554
235.300000		3.9998560
235.400000		3.9998566
235.500000		3.9998571
235.600000		3.9998577
235.700000		3.9998583
235.800000		3.9998588
235.900000		3.9998594
236.000000		3.9998600
236.100000		3.9998605
236.200000		3.9998611
236.300000		3.9998616
236.400000		3.9998622
236.500000		3.9998627
236.600000		3.9998633
236.700000		3.9998638
236.800000		3.9998644
236.900000		3.9998649
237.000000		3.9998655
237.100000		3.9998660
237.200000		3.9998665
237.300000		3.9998671
237.400000		3.9998676
237.500000		3.9998681
237.600000		3.9998687
237.700000		3.9998692
237.800000		3.9998697
237.900000		3.9998702
238.000000		3.9998707
238.100000		3.9998713
238.200000		3.9998718
238.300000		3.9998723
238.400000		3.9998728
238.500000		3.9998733
238.600000		3.9998738
238.700000		3.9998743
238.800000		3.9998748
238.900000		3.9998753
239.000000		3.9998758
239.100000		3.9998763
239.200000		3.9998768
239.300000		3.9998773
239.400000		3.9998778
239.500000		3.9998783
239.600000		3.9998788
239.700000		3.9998792
239.800000		3.9998797
239.900000		3.9998802
240.000000		3.9998807
240.100000		3.9998812
240.200000		3.9998816
240.300000		3.9998821
240.400000		3.9998826
240.500000		3.9998831
240.600000		3.9998835
240.700000		3.9998840
240.800000		3.9998845
240.900000		3.9998849
241.000000		3.9998854
241.100000		3.9998858
241.200000		3.9998863
241.300000		3.9998867
241.400000		3.9998872
241.500000		3.9998876
241.600000		3.9998881
241.700000		3.9998885
241.800000		3.9998890
241.900000		3.9998894
242.000000		3.9998899
242.100000		3.9998903
242.200000		3.9998908
242.300000		3.9998912
242.400000		3.9998916
242.500000		3.9998921
242.600000		3.9998925
242.700000		3.9998929
242.800000		3.9998933
242.900000		3.9998938
243.000000		3.9998942
243.100000		3.9998946
243.200000		3.9998950
243.300000		3.9998955
243.400000		3.9998959
243.500000		3.9998963
243.600000		3.9998967
243.700000		3.9998971
243.800000		3.9998975
243.900000		3.9998979
244.000000		3.9998984
244.100000		3.9998988
244.200000		3.9998992
244.300000		3.9998996
244.400000		3.9999000
244.500000		3.9999004
244.600000		3.9999008
244.700000		3.9999012
244.800000		3.9999016
244.900000		3.9999020
245.000000		3.9999023
245.100000		3.9999027
245.200000		3.9999031
245.300000		3.9999035
245.400000		3.9999039
245.500000		3.9999043
245.600000		3.9999047
245.700000		3.9999050
245.800000		3.9999054
245.900000		3.9999058
246.000000		3.9999062
246.100000		3.9999066
246.200000		3.9999069
246.300000		3.9999073
246.400000		3.9999077
246.500000		3.9999080
246.600000		3.9999084
246.700000		3.9999088
246.800000		3.9999091
246.900000		3.9999095
247.000000		3.9999099
247.100000		3.9999102
247.200000		3.9999106
247.300000		3.9999109
247.400000		3.9999113
247.500000		3.9999116
247.600000		3.9999120
247.700000		3.9999124
247.800000		3.9999127
247.900000		3.9999131
248.000000		3.9999134
248.100000		3.9999137
248.200000		3.9999141
248.300000		3.9999144
248.400000		3.9999148
248.500000		3.9999151
248.600000		3.9999155
248.700000		3.9999158
248.800000		3.9999161
248.900000		3.9999165
249.000000		3.9999168
249.100000		3.9999171
249.200000		3.9999175
249.300000		3.9999178
249.400000		3.9999181
249.500000		3.9999185
249.600000		3.9999188
249.700000		3.9999191
249.800000		3.9999194
249.900000		3.9999197
250.000000		3.9999201
250.100000		3.9999204
250.200000		3.9999207
250.300000		3.9999210
250.400000		3.9999213
250.500000		3.9999217
250.600000		3.9999220
250.700000		3.9999223
250.800000		3.9999226
250.900000		3.9999229
251.000000		3.9999232
251.100000		3.9999235
251.200000		3.9999238
251.300000		3.9999241
251.400000		3.9999244
251.500000		3.9999247
251.600000		3.9999250
251.700000		3.9999253
251.800000		3.9999256
251.900000		3.9999259
252.000000		3.9999262
252.100000		3.9999265
252.200000		3.9999268
252.300000		3.9999271
252.400000		3.9999274
252.500000		3.9999277
252.600000		3.9999280
252.700000		3.9999283
252.800000		3.9999285
252.900000		3.9999288
253.000000		3.9999291
253.100000		3.9999294
253.200000		3.9999297
253.300000		3.9999300
253.400000		3.9999302
253.500000		3.9999305
253.600000		3.9999308
253.700000		3.9999311
253.800000		3.9999314
253.900000		3.9999316
254.000000		3.9999319
254.100000		3.9999322
254.200000		3.9999324
254.300000		3.9999327
254.400000		3.9999330
254.500000		3.9999333
254.600000		3.9999335
254.700000		3.9999338
254.800000		3.9999340
254.900000		3.9999343
255.000000		3.9999346
255.100000		3.9999348
255.200000		3.9999351
255.300000		3.9999354
255.400000		3.9999356
255.500000		3.9999359
255.600000		3.9999361
255.700000		3.9999364
255.800000		3.9999366
255.900000		3.9999369
256.000000		3.9999371
256.100000		3.9999374
256.200000		3.9999376
256.300000		3.9999379
256.400000		3.9999381
256.500000		3.9999384
256.600000		3.9999386
256.700000		3.9999389
256.800000		3.9999391
256.900000		3.9999394
257.000000		3.9999396
257.100000		3.9999399
257.200000		3.9999401
257.300000		3.9999403
257.400000		3.9999406
257.500000		3.9999408
257.600000		3.9999410
257.700000		3.9999413
257.800000		3.9999415
257.900000		3.9999417
258.000000		3.9999420
258.100000		3.9999422
258.200000		3.9999424
258.300000		3.9999427
258.400000		3.9999429
258.500000		3.9999431
258.600000		3.9999434
258.700000		3.9999436
258.800000		3.9999438
258.900000		3.9999440
259.000000		3.9999443
259.100000		3.9999445
259.200000		3.9999447
259.300000		3.9999449
259.400000		3.9999451
259.500000		3.9999454
259.600000		3.9999456
259.700000		3.9999458
259.800000		3.9999460
259.900000		3.9999462
260.000000		3.9999464
260.100000		3.9999467
260.200000		3.9999469
260.300000		3.9999471
260.400000		3.9999473
260.500000		3.9999475
260.600000		3.9999477
260.700000		3.9999479
260.800000		3.9999481
260.900000		3.9999483
261.000000		3.9999486
261.100000		3.9999488
261.200000		3.9999490
261.300000		3.9999492
261.400000		3.9999494
261.500000		3.9999496
261.600000		3.9999498
261.700000		3.9999500
261.800000		3.9999502
261.900000		3.9999504
262.000000		3.9999506
262.100000		3.9999508
262.200000		3.9999510
262.300000		3.9999512
262.400000		3.9999514
262.500000		3.9999516
262.600000		3.9999517
262.700000		3.9999519
262.800000		3.9999521
262.900000		3.9999523
263.000000		3.9999525
263.100000		3.9999527
263.200000		3.9999529
263.300000		3.9999531
263.400000		3.9999533
263.500000		3.9999535
263.600000		3.9999536
263.700000		3.9999538
263.800000		3.9999540
263.900000		3.9999542
264.000000		3.9999544
264.100000		3.9999546
264.200000		3.9999547
264.300000		3.9999549
264.400000		3.9999551
264.500000		3.9999553
264.600000		3.9999555
264.700000		3.9999556
264.800000		3.9999558
264.900000		3.9999560
265.000000		3.9999562
265.100000		3.9999563
265.200000		3.9999565
265.300000		3.9999567
265.400000		3.9999569
265.500000		3.9999570
265.600000		3.9999572
265.700000		3.9999574
265.800000		3.9999575
265.900000		3.9999577
266.000000		3.9999579
266.100000		3.9999581
266.200000		3.9999582
266.300000		3.9999584
266.400000		3.9999586
266.500000		3.9999587
266.600000		3.9999589
266.700000		3.9999591
266.800000		3.9999592
266.900000		3.9999594
267.000000		3.9999595
267.100000		3.9999597
267.200000		3.9999599
267.300000		3.9999600
267.400000		3.9999602
267.500000		3.9999603
267.600000		3.9999605
267.700000		3.9999607
267.800000		3.9999608
267.900000		3.9999610
268.000000		3.9999611
268.100000		3.9999613
268.200000		3.9999614
268.300000		3.9999616
268.400000		3.9999617
268.500000		3.9999619
268.600000		3.9999621
268.700000		3.9999622
268.800000		3.9999624
268.900000		3.9999625
269.000000		3.9999627
269.100000		3.9999628
269.200000		3.9999630
269.300000		3.9999631
269.400000		3.9999632
269.500000		3.9999634
269.600000		3.9999635
269.700000		3.9999637
269.800000		3.9999638
269.900000		3.9999640
270.000000		3.9999641
270.100000		3.9999643
270.200000		3.9999644
270.300000		3.9999646
270.400000		3.9999647
270.500000		3.9999648
270.600000		3.9999650
270.700000		3.9999651
270.800000		3.9999653
270.900000		3.9999654
271.000000		3.9999655
271.100000		3.9999657
271.200000		3.9999658
271.300000		3.9999659
271.400000		3.9999661
271.500000		3.9999662
271.600000		3.9999663
271.700000		3.9999665
271.800000		3.9999666
271.900000		3.9999668
272.000000		3.9999669
272.100000		3.9999670
272.200000		3.9999671
272.300000		3.9999673
272.400000		3.9999674
272.500000		3.9999675
272.600000		3.9999677
272.700000		3.9999678
272.800000		3.9999679
272.900000		3.9999681
273.000000		3.9999682
273.100000		3.9999683
273.200000		3.9999684
273.300000		3.9999686
273.400000		3.9999687
273.500000		3.9999688
273.600000		3.9999689
273.700000		3.9999691
273.800000		3.9999692
273.900000		3.9999693
274.000000		3.9999694
274.100000		3.9999696
274.200000		3.9999697
274.300000		3.9999698
274.400000		3.9999699
274.500000		3.9999700
274.600000		3.9999702
274.700000		3.9999703
274.800000		3.9999704
274.900000		3.9999705
275.000000		3.9999706
275.100000		3.9999708
275.200000		3.9999709
275.300000		3.9999710
275.400000		3.9999711
275.500000		3.9999712
275.600000		3.9999713
275.700000		3.9999714
275.800000		3.9999716
275.900000		3.9999717
276.000000		3.9999718
276.100000		3.9999719
276.200000		3.9999720
276.300000		3.9999721
276.400000		3.9999722
276.500000		3.9999723
276.600000		3.9999725
276.700000		3.9999726
276.800000		3.9999727
276.900000		3.9999728
277.000000		3.9999729
277.100000		3.9999730
277.200000		3.9999731
277.300000		3.9999732
277.400000		3.9999733
277.500000		3.9999734
277.600000		3.9999735
277.700000		3.9999736
277.800000		3.9999737
277.900000		3.9999739
278.000000		3.9999740
278.100000		3.9999741
278.200000		3.9999742
278.300000		3.9999743
278.400000		3.9999744
278.500000		3.9999745
278.600000		3.9999746
278.700000		3.9999747
278.800000		3.9999748
278.900000		3.9999749
279.000000		3.9999750
279.100000		3.9999751
279.200000		3.9999752
279.300000		3.9999753
279.400000		3.9999754
279.500000		3.9999755
279.600000		3.9999756
279.700000		3.9999757
279.800000		3.9999758
279.900000		3.9999759
280.000000		3.9999760
280.100000		3.9999761
280.200000		3.9999762
280.300000		3.9999763
280.400000		3.9999763
280.500000		3.9999764
280.600000		3.9999765
280.700000		3.9999766
280.800000		3.9999767
280.900000		3.9999768
281.000000		3.9999769
281.100000		3.9999770
281.200000		3.9999771
281.300000		3.9999772
281.400000		3.9999773
281.500000		3.9999774
281.600000		3.9999775
281.700000		3.9999775
281.800000		3.9999776
281.900000		3.9999777
282.000000		3.9999778
282.100000		3.9999779
282.200000		3.9999780
282.300000		3.9999781
282.400000		3.9999782
282.500000		3.9999783
282.600000		3.9999783
282.700000		3.9999784
282.800000		3.9999785
282.900000		3.9999786
283.000000		3.9999787
283.100000		3.9999788
283.200000		3.9999789
283.300000		3.9999789
283.400000		3.9999790
283.500000		3.9999791
283.600000		3.9999792
283.700000		3.9999793
283.800000		3.9999794
283.900000		3.9999794
284.000000		3.9999795
284.100000		3.9999796
284.200000		3.9999797
284.300000		3.9999798
284.400000		3.9999798
284.500000		3.9999799
284.600000		3.9999800
284.700000		3.9999801
284.800000		3.9999802
284.900000		3.9999802
285.000000		3.9999803
285.100000		3.9999804
285.200000		3.9999805
285.300000		3.9999806
285.400000		3.9999806
285.500000		3.9999807
285.600000		3.9999808
285.700000		3.9999809
285.800000		3.9999809
285.900000		3.9999810
286.000000		3.9999811
286.100000		3.9999812
286.200000		3.9999812
286.300000		3.9999813
286.400000		3.9999814
286.500000		3.9999815
286.600000		3.9999815
286.700000		3.9999816
286.800000		3.9999817
286.900000		3.9999818
287.000000		3.9999818
287.100000		3.9999819
287.200000		3.9999820
287.300000		3.9999821
287.400000		3.9999821
287.500000		3.9999822
287.600000		3.9999823
287.700000		3.9999823
287.800000		3.9999824
287.900000		3.9999825
288.000000		3.9999826
288.100000		3.9999826
288.200000		3.9999827
288.300000		3.9999828
288.400000		3.9999828
288.500000		3.9999829
288.600000		3.9999830
288.700000		3.9999830
288.800000		3.9999831
288.900000		3.9999832
289.000000		3.9999832
289.100000		3.9999833
289.200000		3.9999834
289.300000		3.9999834
289.400000		3.9999835
289.500000		3.9999836
289.600000		3.9999836
289.700000		3.9999837
289.800000		3.9999838
289.900000		3.9999838
290.000000		3.9999839
290.100000		3.9999840
290.200000		3.9999840
290.300000		3.9999841
290.400000		3.9999842
290.500000		3.9999842
290.600000		3.9999843
290.700000		3.9999843
290.800000		3.9999844
290.900000		3.9999845
291.000000		3.9999845
291.100000		3.9999846
291.200000		3.9999847
291.300000		3.9999847
291.400000		3.9999848
291.500000		3.9999848
291.600000		3.9999849
291.700000		3.9999850
291.800000		3.9999850
291.900000		3.9999851
292.000000		3.9999851
292.100000		3.9999852
292.200000		3.9999853
292.300000		3.9999853
292.400000		3.9999854
292.500000		3.9999854
292.600000		3.9999855
292.700000		3.9999855
292.800000		3.9999856
292.900000		3.9999857
293.000000		3.9999857
293.100000		3.9999858
293.200000		3.9999858
293.300000		3.9999859
293.400000		3.9999859
293.500000		3.9999860
293.600000		3.9999861
293.700000		3.9999861
293.800000		3.9999862
293.900000		3.9999862
294.000000		3.9999863
294.100000		3.9999863
294.200000		3.9999864
294.300000		3.9999864
294.400000		3.9999865
294.500000		3.9999866
294.600000		3.9999866
294.700000		3.9999867
294.800000		3.9999867
294.900000		3.9999868
295.000000		3.9999868
295.100000		3.9999869
295.200000		3.9999869
295.300000		3.9999870
295.400000		3.9999870
295.500000		3.9999871
295.600000		3.9999871
295.700000		3.9999872
295.800000		3.9999872
295.900000		3.9999873
296.000000		3.9999873
296.100000		3.9999874
296.200000		3.9999874
296.300000		3.9999875
296.400000		3.9999875
296.500000		3.9999876
296.600000		3.9999876
296.700000		3.9999877
296.800000		3.9999877
296.900000		3.9999878
297.000000		3.9999878
297.100000		3.9999879
297.200000		3.9999879
297.300000		3.9999880
297.400000		3.9999880
297.500000		3.9999881
297.600000		3.9999881
297.700000		3.9999882
297.800000		3.9999882
297.900000		3.9999883
298.000000		3.9999883
298.100000		3.9999884
298.200000		3.9999884
298.300000		3.9999885
298.400000		3.9999885
298.500000		3.9999885
298.600000		3.9999886
298.700000		3.9999886
298.800000		3.9999887
298.900000		3.9999887
299.000000		3.9999888
299.100000		3.9999888
299.200000		3.9999889
299.300000		3.9999889
299.400000		3.9999889
299.500000		3.9999890
299.600000		3.9999890
299.700000		3.9999891
299.800000		3.9999891
299.900000		3.9999892
300.000000		3.9999892
300.100000		3.9999893
300.200000		3.9999893
300.300000		3.9999893
300.400000		3.9999894
300.500000		3.9999894
300.600000		3.9999895
300.700000		3.9999895
300.800000		3.9999896
300.900000		3.9999896
301.000000		3.9999896
301.100000		3.9999897
301.200000		3.9999897
301.300000		3.9999898
301.400000		3.9999898
301.500000		3.9999898
301.600000		3.9999899
301.700000		3.9999899
301.800000		3.9999900
301.900000		3.9999900
302.000000		3.9999900
302.100000		3.9999901
302.200000		3.9999901
302.300000		3.9999902
302.400000		3.9999902
302.500000		3.9999902
302.600000		3.9999903
302.700000		3.9999903
302.800000		3.9999904
302.900000		3.9999904
303.000000		3.9999904
303.100000		3.9999905
303.200000		3.9999905
303.300000		3.9999905
303.400000		3.9999906
303.500000		3.9999906
303.600000		3.9999907
303.700000		3.9999907
303.800000		3.9999907
303.900000		3.9999908
304.000000		3.9999908
304.100000		3.9999908
304.200000		3.9999909
304.300000		3.9999909
304.400000		3.9999910
304.500000		3.9999910
304.600000		3.9999910
304.700000		3.9999911
304.800000		3.9999911
304.900000		3.9999911
305.000000		3.9999912
305.100000		3.9999912
305.200000		3.9999912
305.300000		3.9999913
305.400000		3.9999913
305.500000		3.9999913
305.600000		3.9999914
305.700000		3.9999914
305.800000		3.9999914
305.900000		3.9999915
306.000000		3.9999915
306.100000		3.9999915
306.200000		3.9999916
306.300000		3.9999916
306.400000		3.9999917
306.500000		3.9999917
306.600000		3.9999917
306.700000		3.9999918
306.800000		3.9999918
306.900000		3.9999918
307.000000		3.9999918
307.100000		3.9999919
307.200000		3.9999919
307.300000		3.9999919
307.400000		3.9999920
307.500000		3.9999920
307.600000		3.9999920
307.700000		3.9999921
307.800000		3.9999921
307.900000		3.9999921
308.000000		3.9999922
308.100000		3.9999922
308.200000		3.9999922
308.300000		3.9999923
308.400000		3.9999923
308.500000		3.9999923
308.600000		3.9999924
308.700000		3.9999924
308.800000		3.9999924
308.900000		3.9999924
309.000000		3.9999925
309.100000		3.9999925
309.200000		3.9999925
309.300000		3.9999926
309.400000		3.9999926
309.500000		3.9999926
309.600000		3.9999927
309.700000		3.9999927
309.800000		3.9999927
309.900000		3.9999927
310.000000		3.9999928
310.100000		3.9999928
310.200000		3.9999928
310.300000		3.9999929
310.400000		3.9999929
310.500000		3.9999929
310.600000		3.9999929
310.700000		3.9999930
310.800000		3.9999930
310.900000		3.9999930
311.000000		3.9999931
311.100000		3.9999931
311.200000		3.9999931
311.300000		3.9999931
311.400000		3.9999932
311.500000		3.9999932
311.600000		3.9999932
311.700000		3.9999932
311.800000		3.9999933
311.900000		3.9999933
312.000000		3.9999933
312.100000		3.9999934
312.200000		3.9999934
312.300000		3.9999934
312.400000		3.9999934
312.500000		3.9999935
312.600000		3.9999935
312.700000		3.9999935
312.800000		3.9999935
312.900000		3.9999936
313.000000		3.9999936
313.100000		3.9999936
313.200000		3.9999936
313.300000		3.9999937
313.400000		3.9999937
313.500000		3.9999937
313.600000		3.9999937
313.700000		3.9999938
313.800000		3.9999938
313.900000		3.9999938
314.000000		3.9999938
314.100000		3.9999939
314.200000		3.9999939
314.300000		3.9999939
314.400000		3.9999939
314.500000		3.9999940
314.600000		3.9999940
314.700000		3.9999940
314.800000		3.9999940
314.900000		3.9999941
315.000000		3.9999941
315.100000		3.9999941
315.200000		3.9999941
315.300000		3.9999942
315.400000		3.9999942
315.500000		3.9999942
315.600000		3.9999942
315.700000		3.9999942
315.800000		3.9999943
315.900000		3.9999943
316.000000		3.9999943
316.100000		3.9999943
316.200000		3.9999944
316.300000		3.9999944
316.400000		3.9999944
316.500000		3.9999944
316.600000		3.9999945
316.700000		3.9999945
316.800000		3.9999945
316.900000		3.9999945
317.000000		3.9999945
317.100000		3.9999946
317.200000		3.9999946
317.300000		3.9999946
317.400000		3.9999946
317.500000		3.9999946
317.600000		3.9999947
317.700000		3.9999947
317.800000		3.9999947
317.900000		3.9999947
318.000000		3.9999948
318.100000		3.9999948
318.200000		3.9999948
318.300000		3.9999948
318.400000		3.9999948
318.500000		3.9999949
318.600000		3.9999949
318.700000		3.9999949
318.800000		3.9999949
318.900000		3.9999949
319.000000		3.9999950
319.100000		3.9999950
319.200000		3.9999950
319.300000		3.9999950
319.400000		3.9999950
319.500000		3.9999951
319.600000		3.9999951
319.700000		3.9999951
319.800000		3.9999951
319.900000		3.9999951
320.000000		3.9999952
320.100000		3.9999952
320.200000		3.9999952
320.300000		3.9999952
320.400000		3.9999952
320.500000		3.9999953
320.600000		3.9999953
320.700000		3.9999953
320.800000		3.9999953
320.900000		3.9999953
321.000000		3.9999953
321.100000		3.9999954
321.200000		3.9999954
321.300000		3.9999954
321.400000		3.9999954
321.500000		3.9999954
321.600000		3.9999955
321.700000		3.9999955
321.800000		3.9999955
321.900000		3.9999955
322.000000		3.9999955
322.100000		3.9999955
322.200000		3.9999956
322.300000		3.9999956
322.400000		3.9999956
322.500000		3.9999956
322.600000		3.9999956
322.700000		3.9999957
322.800000		3.9999957
322.900000		3.9999957
323.000000		3.9999957
323.100000		3.9999957
323.200000		3.9999957
323.300000		3.9999958
323.400000		3.9999958
323.500000		3.9999958
323.600000		3.9999958
323.700000		3.9999958
323.800000		3.9999958
323.900000		3.9999959
324.000000		3.9999959
324.100000		3.9999959
324.200000		3.9999959
324.300000		3.9999959
324.400000		3.9999959
324.500000		3.9999960
324.600000		3.9999960
324.700000		3.9999960
324.800000		3.9999960
324.900000		3.9999960
325.000000		3.9999960
325.100000		3.9999961
325.200000		3.9999961
325.300000		3.9999961
325.400000		3.9999961
325.500000		3.9999961
325.600000		3.9999961
325.700000		3.9999961
325.800000		3.9999962
325.900000		3.9999962
326.000000		3.9999962
326.100000		3.9999962
326.200000		3.9999962
326.300000		3.9999962
326.400000		3.9999963
326.500000		3.9999963
326.600000		3.9999963
326.700000		3.9999963
326.800000		3.9999963
326.900000		3.9999963
327.000000		3.9999963
327.100000		3.9999964
327.200000		3.9999964
327.300000		3.9999964
327.400000		3.9999964
327.500000		3.9999964
327.600000		3.9999964
327.700000		3.9999964
327.800000		3.9999965
327.900000		3.9999965
328.000000		3.9999965
328.100000		3.9999965
328.200000		3.9999965
328.300000		3.9999965
328.400000		3.9999965
328.500000		3.9999966
328.600000		3.9999966
328.700000		3.9999966
328.800000		3.9999966
328.900000		3.9999966
329.000000		3.9999966
329.100000		3.9999966
329.200000		3.9999967
329.300000		3.9999967
329.400000		3.9999967
329.500000		3.9999967
329.600000		3.9999967
329.700000		3.9999967
329.800000		3.9999967
329.900000		3.9999967
330.000000		3.9999968
330.100000		3.9999968
330.200000		3.9999968
330.300000		3.9999968
330.400000		3.9999968
330.500000		3.9999968
330.600000		3.9999968
330.700000		3.9999968
330.800000		3.9999969
330.900000		3.9999969
331.000000		3.9999969
331.100000		3.9999969
331.200000		3.9999969
331.300000		3.9999969
331.400000		3.9999969
331.500000		3.9999969
331.600000		3.9999970
331.700000		3.9999970
331.800000		3.9999970
331.900000		3.9999970
332.000000		3.9999970
332.100000		3.9999970
332.200000		3.9999970
332.300000		3.9999970
332.400000		3.9999971
332.500000		3.9999971
332.600000		3.9999971
332.700000		3.9999971
332.800000		3.9999971
332.900000		3.9999971
333.000000		3.9999971
333.100000		3.9999971
333.200000		3.9999971
333.300000		3.9999972
333.400000		3.9999972
333.500000		3.9999972
333.600000		3.9999972
333.700000		3.9999972
333.800000		3.9999972
333.900000		3.9999972
334.000000		3.9999972
334.100000		3.9999972
334.200000		3.9999973
334.300000		3.9999973
334.400000		3.9999973
334.500000		3.9999973
334.600000		3.9999973
334.700000		3.9999973
334.800000		3.9999973
334.900000		3.9999973
335.000000		3.9999973
335.100000		3.9999974
335.200000		3.9999974
335.300000		3.9999974
335.400000		3.9999974
335.500000		3.9999974
335.600000		3.9999974
335.700000		3.9999974
335.800000		3.9999974
335.900000		3.9999974
336.000000		3.9999974
336.100000		3.9999975
336.200000		3.9999975
336.300000		3.9999975
336.400000		3.9999975
336.500000		3.9999975
336.600000		3.9999975
336.700000		3.9999975
336.800000		3.9999975
336.900000		3.9999975
337.000000		3.9999975
337.100000		3.9999976
337.200000		3.9999976
337.300000		3.9999976
337.400000		3.9999976
337.500000		3.9999976
337.600000		3.9999976
337.700000		3.9999976
337.800000		3.9999976
337.900000		3.9999976
338.000000		3.9999976
338.100000		3.9999977
338.200000		3.9999977
338.300000		3.9999977
338.400000		3.9999977
338.500000		3.9999977
338.600000		3.9999977
338.700000		3.9999977
338.800000		3.9999977
338.900000		3.9999977
339.000000		3.9999977
339.100000		3.9999977
339.200000		3.9999978
339.300000		3.9999978
339.400000		3.9999978
339.500000		3.9999978
339.600000		3.9999978
339.700000		3.9999978
339.800000		3.9999978
339.900000		3.9999978
340.000000		3.9999978
340.100000		3.9999978
340.200000		3.9999978
340.300000		3.9999979
340.400000		3.9999979
340.500000		3.9999979
340.600000		3.9999979
340.700000		3.9999979
340.800000		3.9999979
340.900000		3.9999979
341.000000		3.9999979
341.100000		3.9999979
341.200000		3.9999979
341.300000		3.9999979
341.400000		3.9999979
341.500000		3.9999980
341.600000		3.9999980
341.700000		3.9999980
341.800000		3.9999980
341.900000		3.9999980
342.000000		3.9999980
342.100000		3.9999980
342.200000		3.9999980
342.300000		3.9999980
342.400000		3.9999980
342.500000		3.9999980
342.600000		3.9999980
342.700000		3.9999980
342.800000		3.9999981
342.900000		3.9999981
343.000000		3.9999981
343.100000		3.9999981
343.200000		3.9999981
343.300000		3.9999981
343.400000		3.9999981
343.500000		3.9999981
343.600000		3.9999981
343.700000		3.9999981
343.800000		3.9999981
343.900000		3.9999981
344.000000		3.9999981
344.100000		3.9999982
344.200000		3.9999982
344.300000		3.9999982
344.400000		3.9999982
344.500000		3.9999982
344.600000		3.9999982
344.700000		3.9999982
344.800000		3.9999982
344.900000		3.9999982
345.000000		3.9999982
345.100000		3.9999982
345.200000		3.9999982
345.300000		3.9999982
345.400000		3.9999982
345.500000		3.9999983
345.600000		3.9999983
345.700000		3.9999983
345.800000		3.9999983
345.900000		3.9999983
346.000000		3.9999983
346.100000		3.9999983
346.200000		3.9999983
346.300000		3.9999983
346.400000		3.9999983
346.500000		3.9999983
346.600000		3.9999983
346.700000		3.9999983
346.800000		3.9999983
346.900000		3.9999984
347.000000		3.9999984
347.100000		3.9999984
347.200000		3.9999984
347.300000		3.9999984
347.400000		3.9999984
347.500000		3.9999984
347.600000		3.9999984
347.700000		3.9999984
347.800000		3.9999984
347.900000		3.9999984
348.000000		3.9999984
348.100000		3.9999984
348.200000		3.9999984
348.300000		3.9999984
348.400000		3.9999984
348.500000		3.9999985
348.600000		3.9999985
348.700000		3.9999985
348.800000		3.9999985
348.900000		3.9999985
349.000000		3.9999985
349.100000		3.9999985
349.200000		3.9999985
349.300000		3.9999985
349.400000		3.9999985
349.500000		3.9999985
349.600000		3.9999985
349.700000		3.9999985
349.800000		3.9999985
349.900000		3.9999985
350.000000		3.9999985
350.100000		3.9999985
350.200000		3.9999986
350.300000		3.9999986
350.400000		3.9999986
350.500000		3.9999986
350.600000		3.9999986
350.700000		3.9999986
350.800000		3.9999986
350.900000		3.9999986
351.000000		3.9999986
351.100000		3.9999986
351.200000		3.9999986
351.300000		3.9999986
351.400000		3.9999986
351.500000		3.9999986
351.600000		3.9999986
351.700000		3.9999986
351.800000		3.9999986
351.900000		3.9999987
352.000000		3.9999987
352.100000		3.9999987
352.200000		3.9999987
352.300000		3.9999987
352.400000		3.9999987
352.500000		3.9999987
352.600000		3.9999987
352.700000		3.9999987
352.800000		3.9999987
352.900000		3.9999987
353.000000		3.9999987
353.100000		3.9999987
353.200000		3.9999987
353.300000		3.9999987
353.400000		3.9999987
353.500000		3.9999987
353.600000		3.9999987
353.700000		3.9999987
353.800000		3.9999987
353.900000		3.9999988
354.000000		3.9999988
354.100000		3.9999988
354.200000		3.9999988
354.300000		3.9999988
354.400000		3.9999988
354.500000		3.9999988
354.600000		3.9999988
354.700000		3.9999988
354.800000		3.9999988
354.900000		3.9999988
355.000000		3.9999988
355.100000		3.9999988
355.200000		3.9999988
355.300000		3.9999988
355.400000		3.9999988
355.500000		3.9999988
355.600000		3.9999988
355.700000		3.9999988
355.800000		3.9999988
355.900000		3.9999989
356.000000		3.9999989
356.100000		3.9999989
356.200000		3.9999989
356.300000		3.9999989
356.400000		3.9999989
356.500000		3.9999989
356.600000		3.9999989
356.700000		3.9999989
356.800000		3.9999989
356.900000		3.9999989
357.000000		3.9999989
357.100000		3.9999989
357.200000		3.9999989
357.300000		3.9999989
357.400000		3.9999989
357.500000		3.9999989
357.600000		3.9999989
357.700000		3.9999989
357.800000		3.9999989
357.900000		3.9999989
358.000000		3.9999989
358.100000		3.9999989
358.200000		3.9999990
358.300000		3.9999990
358.400000		3.9999990
358.500000		3.9999990
358.600000		3.9999990
358.700000		3.9999990
358.800000		3.9999990
358.900000		3.9999990
359.000000		3.9999990
359.100000		3.9999990
359.200000		3.9999990
359.300000		3.9999990
359.400000		3.9999990
359.500000		3.9999990
359.600000		3.9999990
359.700000		3.9999990
359.800000		3.9999990
359.900000		3.9999990
360.000000		3.9999990
360.100000		3.9999990
360.200000		3.9999990
360.300000		3.9999990
360.400000		3.9999990
360.500000		3.9999990
360.600000		3.9999990
360.700000		3.9999991
360.800000		3.9999991
360.900000		3.9999991
361.000000		3.9999991
361.100000		3.9999991
361.200000		3.9999991
361.300000		3.9999991
361.400000		3.9999991
361.500000		3.9999991
361.600000		3.9999991
361.700000		3.9999991
361.800000		3.9999991
361.900000		3.9999991
362.000000		3.9999991
362.100000		3.9999991
362.200000		3.9999991
362.300000		3.9999991
362.400000		3.9999991
362.500000		3.9999991
362.600000		3.9999991
362.700000		3.9999991
362.800000		3.9999991
362.900000		3.9999991
363.000000		3.9999991
363.100000		3.9999991
363.200000		3.9999991
363.300000		3.9999991
363.400000		3.9999991
363.500000		3.9999992
363.600000		3.9999992
363.700000		3.9999992
363.800000		3.9999992
363.900000		3.9999992
364.000000		3.9999992
364.100000		3.9999992
364.200000		3.9999992
364.300000		3.9999992
364.400000		3.9999992
364.500000		3.9999992
364.600000		3.9999992
364.700000		3.9999992
364.800000		3.9999992
364.900000		3.9999992
365.000000		3.9999992
365.100000		3.9999992
365.200000		3.9999992
365.300000		3.9999992
365.400000		3.9999992
365.500000		3.9999992
365.600000		3.9999992
365.700000		3.9999992
365.800000		3.9999992
365.900000		3.9999992
366.000000		3.9999992
366.100000		3.9999992
366.200000		3.9999992
366.300000		3.9999992
366.400000		3.9999992
366.500000		3.9999992
366.600000		3.9999993
366.700000		3.9999993
366.800000		3.9999993
366.900000		3.9999993
367.000000		3.9999993
367.100000		3.9999993
367.200000		3.9999993
367.300000		3.9999993
367.400000		3.9999993
367.500000		3.9999993
367.600000		3.9999993
367.700000		3.9999993
367.800000		3.9999993
367.900000		3.9999993
368.000000		3.9999993
368.100000		3.9999993
368.200000		3.9999993
368.300000		3.9999993
368.400000		3.9999993
368.500000		3.9999993
368.600000		3.9999993
368.700000		3.9999993
368.800000		3.9999993
368.900000		3.9999993
369.000000		3.9999993
369.100000		3.9999993
369.200000		3.9999993
369.300000		3.9999993
369.400000		3.9999993
369.500000		3.9999993
369.600000		3.9999993
369.700000		3.9999993
369.800000		3.9999993
369.900000		3.9999993
370.000000		3.9999993
370.100000		3.9999993
370.200000		3.9999994
370.300000		3.9999994
370.400000		3.9999994
370.500000		3.9999994
370.600000		3.9999994
370.700000		3.9999994
370.800000		3.9999994
370.900000		3.9999994
371.000000		3.9999994
371.100000		3.9999994
371.200000		3.9999994
371.300000		3.9999994
371.400000		3.9999994
371.500000		3.9999994
371.600000		3.9999994
371.700000		3.9999994
371.800000		3.9999994
371.900000		3.9999994
372.000000		3.9999994
372.100000		3.9999994
372.200000		3.9999994
372.300000		3.9999994
372.400000		3.9999994
372.500000		3.9999994
372.600000		3.9999994
372.700000		3.9999994
372.800000		3.9999994
372.900000		3.9999994
373.000000		3.9999994
373.100000		3.9999994
373.200000		3.9999994
373.300000		3.9999994
373.400000		3.9999994
373.500000		3.9999994
373.600000		3.9999994
373.700000		3.9999994
373.800000		3.9999994
373.900000		3.9999994
374.000000		3.9999994
374.100000		3.9999994
374.200000		3.9999994
374.300000		3.9999994
374.400000		3.9999995
374.500000		3.9999995
374.600000		3.9999995
374.700000		3.9999995
374.800000		3.9999995
374.900000		3.9999995
375.000000		3.9999995
375.100000		3.9999995
375.200000		3.9999995
375.300000		3.9999995
375.400000		3.9999995
375.500000		3.9999995
375.600000		3.9999995
375.700000		3.9999995
375.800000		3.9999995
375.900000		3.9999995
376.000000		3.9999995
376.100000		3.9999995
376.200000		3.9999995
376.300000		3.9999995
376.400000		3.9999995
376.500000		3.9999995
376.600000		3.9999995
376.700000		3.9999995
376.800000		3.9999995
376.900000		3.9999995
377.000000		3.9999995
377.100000		3.9999995
377.200000		3.9999995
377.300000		3.9999995
377.400000		3.9999995
377.500000		3.9999995
377.600000		3.9999995
377.700000		3.9999995
377.800000		3.9999995
377.900000		3.9999995
378.000000		3.9999995
378.100000		3.9999995
378.200000		3.9999995
378.300000		3.9999995
378.400000		3.9999995
378.500000		3.9999995
378.600000		3.9999995
378.700000		3.9999995
378.800000		3.9999995
378.900000		3.9999995
379.000000		3.9999995
379.100000		3.9999995
379.200000		3.9999995
379.300000		3.9999995
379.400000		3.9999996
379.500000		3.9999996
379.600000		3.9999996
379.700000		3.9999996
379.800000		3.9999996
379.900000		3.9999996
380.000000		3.9999996
380.100000		3.9999996
380.200000		3.9999996
380.300000		3.9999996
380.400000		3.9999996
380.500000		3.9999996
380.600000		3.9999996
380.700000		3.9999996
380.800000		3.9999996
380.900000		3.9999996
381.000000		3.9999996
381.100000		3.9999996
381.200000		3.9999996
381.300000		3.9999996
381.400000		3.9999996
381.500000		3.9999996
381.600000		3.9999996
381.700000		3.9999996
Breaking early...
