#Q.3.a:Workload#2 throughput as a function of k for the population vector(20, k),k=0,1,2,3,...,15
#k	Xo,w2
0	0.000000
1	0.135793
2	0.263283
3	0.381588
4	0.489989
5	0.588040
6	0.675662
7	0.753198
8	0.821378
9	0.881230
10	0.933938
11	0.980694
12	1.022585
13	1.060531
14	1.095268
15	1.127357
16	1.157223
17	1.185183
18	1.211477
19	1.236291
20	1.259774
21	1.282049
22	1.303219
23	1.323373
24	1.342590
25	1.360939
26	1.378482
27	1.395275
28	1.411367
29	1.426806
30	1.441631
31	1.455881
32	1.469592
33	1.482793
34	1.495516
35	1.507785
36	1.519628
37	1.531065
38	1.542120
39	1.552811
40	1.563157
41	1.573175
42	1.582881
43	1.592290
44	1.601416
45	1.610271
46	1.618869
47	1.627220
48	1.635336
49	1.643226
50	1.650900
51	1.658368
52	1.665636
53	1.672715
54	1.679611
55	1.686331
56	1.692882
57	1.699271
58	1.705504
59	1.711586
60	1.717524
61	1.723321
62	1.728984
63	1.734517
64	1.739925
65	1.745211
66	1.750380
67	1.755437
68	1.760383
69	1.765224
70	1.769963
71	1.774603
72	1.779147
73	1.783597
74	1.787958
75	1.792231
76	1.796420
77	1.800526
78	1.804553
79	1.808502
80	1.812376
81	1.816178
82	1.819908
83	1.823569
84	1.827164
85	1.830693
86	1.834159
87	1.837563
88	1.840907
89	1.844193
90	1.847422
91	1.850596
92	1.853715
93	1.856782
94	1.859798
95	1.862764
96	1.865681
97	1.868550
98	1.871374
99	1.874152
100	1.876886
101	1.879577
102	1.882226
103	1.884834
104	1.887401
105	1.889930
106	1.892420
107	1.894872
108	1.897289
109	1.899669
110	1.902015
111	1.904326
112	1.906604
113	1.908849
114	1.911062
115	1.913244
116	1.915395
117	1.917517
118	1.919609
119	1.921672
120	1.923707
121	1.925714
122	1.927695
123	1.929648
124	1.931576
125	1.933479
126	1.935356
127	1.937209
128	1.939038
129	1.940844
130	1.942626
131	1.944387
132	1.946124
133	1.947841
134	1.949535
135	1.951209
136	1.952862
137	1.954495
138	1.956109
139	1.957702
140	1.959277
141	1.960833
142	1.962370
143	1.963890
144	1.965392
145	1.966876
146	1.968343
147	1.969793
148	1.971227
149	1.972644
150	1.974046
151	1.975431
152	1.976802
153	1.978156
154	1.979496
155	1.980821
156	1.982132
157	1.983429
158	1.984711
159	1.985980
160	1.987235
161	1.988477
162	1.989706
163	1.990922
164	1.992125
165	1.993316
166	1.994494
167	1.995660
168	1.996815
169	1.997957
170	1.999088
171	2.000208
172	2.001316
173	2.002413
174	2.003500
175	2.004575
176	2.005640
177	2.006695
178	2.007739
179	2.008774
180	2.009798
181	2.010813
182	2.011817
183	2.012812
184	2.013799
185	2.014774
186	2.015742
187	2.016701
188	2.017650
189	2.018591
190	2.019523
191	2.020447
192	2.021362
193	2.022269
194	2.023167
195	2.024058
196	2.024941
197	2.025815
198	2.026683
199	2.027542
200	2.028394
201	2.029238
202	2.030075
203	2.030905
204	2.031728
205	2.032544
206	2.033352
207	2.034154
208	2.034949
209	2.035737
210	2.036519
211	2.037294
212	2.038062
213	2.038824
214	2.039580
215	2.040330
216	2.041074
217	2.041811
218	2.042542
219	2.043268
220	2.043988
221	2.044701
222	2.045410
223	2.046112
224	2.046809
225	2.047501
226	2.048186
227	2.048867
228	2.049543
229	2.050212
230	2.050878
231	2.051537
232	2.052192
233	2.052841
234	2.053486
235	2.054126
236	2.054761
237	2.055391
238	2.056017
239	2.056637
240	2.057254
241	2.057865
242	2.058472
243	2.059075
244	2.059673
245	2.060266
246	2.060856
247	2.061441
248	2.062021
249	2.062598
250	2.063171
251	2.063740
252	2.064303
253	2.064864
254	2.065420
255	2.065973
256	2.066521
257	2.067066
258	2.067607
259	2.068144
260	2.068678
261	2.069207
262	2.069733
263	2.070256
264	2.070775
265	2.071290
266	2.071802
267	2.072310
268	2.072815
269	2.073317
270	2.073815
271	2.074310
272	2.074801
273	2.075289
274	2.075775
275	2.076257
276	2.076735
277	2.077211
278	2.077683
279	2.078153
280	2.078619
281	2.079083
282	2.079542
283	2.080001
284	2.080454
285	2.080906
286	2.081355
287	2.081801
288	2.082244
289	2.082684
290	2.083122
291	2.083556
292	2.083988
293	2.084418
294	2.084844
295	2.085268
296	2.085690
297	2.086109
298	2.086525
299	2.086938
300	2.087350
301	2.087759
302	2.088165
303	2.088568
304	2.088970
305	2.089369
306	2.089766
307	2.090159
308	2.090551
309	2.090941
310	2.091328
311	2.091713
312	2.092096
313	2.092476
314	2.092854
315	2.093230
316	2.093604
317	2.093976
318	2.094345
319	2.094713
320	2.095078
321	2.095441
322	2.095803
323	2.096161
324	2.096519
325	2.096874
326	2.097227
327	2.097578
328	2.097926
329	2.098274
330	2.098619
331	2.098963
332	2.099303
333	2.099643
334	2.099981
335	2.100316
336	2.100650
337	2.100982
338	2.101313
339	2.101641
340	2.101968
341	2.102292
342	2.102616
343	2.102937
344	2.103257
345	2.103574
346	2.103891
347	2.104206
348	2.104519
349	2.104830
350	2.105139
351	2.105448
352	2.105754
353	2.106059
354	2.106362
355	2.106663
356	2.106964
357	2.107262
358	2.107559
359	2.107854
360	2.108148
361	2.108441
362	2.108731
363	2.109021
364	2.109309
365	2.109595
366	2.109880
367	2.110163
368	2.110446
369	2.110726
370	2.111006
371	2.111284
372	2.111561
373	2.111835
374	2.112110
375	2.112382
376	2.112653
377	2.112922
378	2.113191
379	2.113458
380	2.113724
381	2.113988
382	2.114252
383	2.114514
384	2.114774
385	2.115034
386	2.115292
387	2.115548
388	2.115805
389	2.116058
390	2.116312
391	2.116564
392	2.116815
393	2.117065
394	2.117313
395	2.117560
396	2.117806
397	2.118051
398	2.118295
399	2.118538
400	2.118779
401	2.119020
402	2.119259
403	2.119497
404	2.119735
405	2.119970
406	2.120205
407	2.120439
408	2.120672
409	2.120904
410	2.121134
411	2.121364
412	2.121593
413	2.121820
414	2.122047
415	2.122272
416	2.122497
417	2.122720
418	2.122942
419	2.123164
420	2.123384
421	2.123604
422	2.123822
423	2.124040
424	2.124256
425	2.124472
426	2.124687
427	2.124901
428	2.125113
429	2.125325
430	2.125536
431	2.125746
432	2.125956
433	2.126164
434	2.126371
435	2.126577
436	2.126783
437	2.126988
438	2.127192
439	2.127394
440	2.127596
441	2.127798
442	2.127998
443	2.128198
444	2.128396
445	2.128594
446	2.128791
447	2.128987
448	2.129183
449	2.129377
450	2.129571
451	2.129764
452	2.129956
453	2.130147
454	2.130337
455	2.130527
456	2.130716
457	2.130904
458	2.131092
459	2.131278
460	2.131464
461	2.131649
462	2.131833
463	2.132017
464	2.132200
465	2.132382
466	2.132563
467	2.132744
468	2.132924
469	2.133103
470	2.133281
471	2.133459
472	2.133636
473	2.133813
474	2.133988
475	2.134163
476	2.134337
477	2.134511
478	2.134684
479	2.134856
480	2.135028
481	2.135198
482	2.135369
483	2.135538
484	2.135707
485	2.135875
486	2.136043
487	2.136209
488	2.136376
489	2.136542
490	2.136707
491	2.136871
492	2.137035
493	2.137197
494	2.137360
495	2.137522
496	2.137683
497	2.137844
498	2.138004
499	2.138163
500	2.138322
