0	0.000000
1	0.174300
2	0.371172
3	0.592160
4	0.838589
5	1.111520
6	1.411701
7	1.739549
8	2.095145
9	2.478254
10	2.888355
11	3.324692
12	3.786326
13	4.272187
14	4.781126
15	5.311964
16	5.863515
17	6.434627
18	7.024186
19	7.631136
20	8.254482
21	8.893291
22	9.546692
23	10.213874
24	10.894077
25	11.586601
26	12.290781
27	13.006006
28	13.731705
29	14.467337
30	15.212403
31	15.966433
32	16.728981
33	17.499636
34	18.278006
35	19.063728
36	19.856461
37	20.655870
38	21.461655
39	22.273529
40	23.091223
41	23.914473
42	24.743038
43	25.576694
44	26.415224
45	27.258419
46	28.106085
47	28.958040
48	29.814116
49	30.674133
50	31.537951
51	32.405407
52	33.276371
53	34.150700
54	35.028271
55	35.908962
56	36.792656
57	37.679245
58	38.568626
59	39.460693
60	40.355350
61	41.252518
62	42.152096
63	43.054012
64	43.958179
65	44.864521
66	45.772972
67	46.683464
68	47.595921
69	48.510284
70	49.426491
71	50.344486
72	51.264214
73	52.185612
74	53.108650
75	54.033253
76	54.959389
77	55.887012
78	56.816071
79	57.746529
80	58.678341
81	59.611469
82	60.545887
83	61.481541
84	62.418411
85	63.356449
86	64.295647
87	65.235939
88	66.177322
89	67.119766
90	68.063225
91	69.007683
92	69.953117
93	70.899498
94	71.846794
95	72.795006
96	73.744080
97	74.694023
98	75.644791
99	76.596375
100	77.548752
101	78.501900
102	79.455795
103	80.410446
104	81.365807
105	82.321877
106	83.278625
107	84.236053
108	85.194138
109	86.152855
110	87.112206
111	88.072159
112	89.032722
113	89.993866
114	90.955589
115	91.917870
116	92.880669
117	93.844048
118	94.807922
119	95.772316
120	96.737213
121	97.702606
122	98.668480
123	99.634819
124	100.601639
125	101.568886
126	102.536591
127	103.504738
128	104.473289
129	105.442276
130	106.411667
131	107.381454
132	108.351646
133	109.322212
134	110.293159
135	111.264481
136	112.236168
137	113.208206
138	114.180603
139	115.153343
140	116.126404
141	117.099815
142	118.073563
143	119.047592
144	120.021965
145	120.996635
146	121.971611
147	122.946869
148	123.922440
149	124.898293
150	125.874428
151	126.850830
152	127.827522
153	128.804459
154	129.781677
155	130.759171
156	131.736893
157	132.714859
158	133.693069
159	134.671539
160	135.650238
161	136.629181
162	137.608337
163	138.587723
164	139.567352
165	140.547165
166	141.527222
167	142.507477
168	143.487946
169	144.468613
170	145.449493
171	146.430573
172	147.411850
173	148.393311
174	149.374969
175	150.356796
176	151.338821
177	152.321030
178	153.303421
179	154.285995
180	155.268723
181	156.251617
182	157.234680
183	158.217941
184	159.201324
185	160.184891
186	161.168610
187	162.152481
188	163.136536
189	164.120712
190	165.105057
191	166.089523
192	167.074158
193	168.058929
194	169.043854
195	170.028900
196	171.014099
197	171.999420
198	172.984894
199	173.970474
200	174.956207
201	175.942062
202	176.928024
203	177.914139
204	178.900375
205	179.886734
206	180.873184
207	181.859772
208	182.846497
209	183.833313
210	184.820267
211	185.807297
212	186.794449
213	187.781723
214	188.769104
215	189.756592
216	190.744186
217	191.731903
218	192.719666
219	193.707565
220	194.695572
221	195.683685
222	196.671875
223	197.660156
224	198.648560
225	199.637054
226	200.625626
227	201.614304
228	202.603043
229	203.591904
230	204.580856
231	205.569870
232	206.558990
233	207.548172
234	208.537491
235	209.526855
236	210.516296
237	211.505829
238	212.495453
239	213.485153
240	214.474915
241	215.464798
242	216.454712
243	217.444733
244	218.434799
245	219.424942
246	220.415161
247	221.405487
248	222.395844
249	223.386292
250	224.376816
251	225.367401
252	226.358063
253	227.348801
254	228.339554
255	229.330414
256	230.321335
257	231.312332
258	232.303391
259	233.294510
260	234.285690
261	235.276932
262	236.268265
263	237.259613
264	238.251053
265	239.242554
266	240.234085
267	241.225723
268	242.217392
269	243.209076
270	244.200897
271	245.192688
272	246.184616
273	247.176529
274	248.168533
275	249.160583
276	250.152725
277	251.144852
278	252.137054
279	253.129349
280	254.121658
281	255.114029
282	256.106445
283	257.098938
284	258.091431
285	259.084015
286	260.076599
287	261.069275
288	262.062012
289	263.054779
290	264.047577
291	265.040466
292	266.033295
293	267.026245
294	268.019257
295	269.012268
296	270.005371
297	270.998474
298	271.991638
299	272.984863
300	273.978058
301	274.971344
302	275.964691
303	276.958099
304	277.951477
305	278.944916
306	279.938416
307	280.931976
308	281.925568
309	282.919189
310	283.912842
311	284.906525
312	285.900208
313	286.893982
314	287.887817
315	288.881653
316	289.875519
317	290.869415
318	291.863373
319	292.857361
320	293.851379
321	294.845428
322	295.839508
323	296.833649
324	297.827820
325	298.821991
326	299.816223
327	300.810486
328	301.804779
329	302.799133
330	303.793427
331	304.787872
332	305.782288
333	306.776703
334	307.771210
335	308.765747
336	309.760284
337	310.754852
338	311.749451
339	312.744049
340	313.738708
341	314.733429
342	315.728180
343	316.722931
344	317.717682
345	318.712524
346	319.707306
347	320.702179
348	321.697083
349	322.691986
350	323.686981
351	324.681976
352	325.676941
353	326.671967
354	327.667053
355	328.662140
356	329.657227
357	330.652344
358	331.647552
359	332.642700
360	333.637939
361	334.633179
362	335.628448
363	336.623718
364	337.619049
365	338.614349
366	339.609741
367	340.605133
368	341.600525
369	342.595947
370	343.591400
371	344.586853
372	345.582397
373	346.577881
374	347.573456
375	348.569061
376	349.564667
377	350.560272
378	351.555908
379	352.551544
380	353.547180
381	354.542908
382	355.538666
383	356.534363
384	357.530121
385	358.525940
386	359.521729
387	360.517578
388	361.513397
389	362.509247
390	363.505157
391	364.501099
392	365.497040
393	366.492920
394	367.488953
395	368.484955
396	369.480927
397	370.476929
398	371.472992
399	372.469025
400	373.465118
401	374.461212
402	375.457367
403	376.453461
404	377.449615
405	378.445831
406	379.441986
407	380.438232
408	381.434418
409	382.430695
410	383.426941
411	384.423218
412	385.419525
413	386.415863
414	387.412170
415	388.408478
416	389.404846
417	390.401276
418	391.397644
419	392.394073
420	393.390472
421	394.386932
422	395.383392
423	396.379852
424	397.376343
425	398.372864
426	399.369415
427	400.365936
428	401.362488
429	402.359100
430	403.355713
431	404.352264
432	405.348877
433	406.345520
434	407.342194
435	408.338806
436	409.335510
437	410.332184
438	411.328857
439	412.325592
440	413.322327
441	414.319122
442	415.315857
443	416.312622
444	417.309418
445	418.306213
446	419.303040
447	420.299896
448	421.296722
449	422.293549
450	423.290405
451	424.287323
452	425.284210
453	426.281189
454	427.278076
455	428.275024
456	429.272003
457	430.268921
458	431.265869
459	432.262848
460	433.259888
461	434.256897
462	435.253906
463	436.250977
464	437.247986
465	438.245056
466	439.242157
467	440.239227
468	441.236359
469	442.233398
470	443.230560
471	444.227692
472	445.224854
473	446.222015
474	447.219177
475	448.216339
476	449.213531
477	450.210724
478	451.207916
479	452.205200
480	453.202393
481	454.199615
482	455.196930
483	456.194153
484	457.191467
485	458.188751
486	459.186096
487	460.183350
488	461.180664
489	462.178009
490	463.175323
491	464.172699
492	465.170044
493	466.167480
494	467.164825
495	468.162201
496	469.159637
497	470.157104
498	471.154449
499	472.151886
500	473.149414
